name,type
(...)plus,dir
(auth),dir
(examples),dir
(main),dir
.assetsignore,file
.changeset,dir
.coderabbit.yaml,file
.editorconfig,file
.github,dir
.gitignore,file
.gitpod.yml,file
.infisical.json,file
.npmignore,file
.stylelintrc.json,file
.vscode,dir
1-getting-started.mdx,file
100-getting-started,dir
2-styling.mdx,file
200-layer-transparent.md,file
200-styling,dir
300-composition,dir
300-inert-layer-longhands.md,file
400-component-providers,dir
400-component-stores,dir
404.astro,file
500-value-components,dir
900-coding-guidelines,dir
@changesets__apply-release-plan@8.0.0.patch,file
@login,dir
@modal,dir
@tabs,dir
CHANGELOG-0314.md,file
CHANGELOG.md,file
ISSUE_TEMPLATE,dir
README.md,file
[...checkout].astro,file
[...collection].astro,file
[...component].astro,file
[...example].astro,file
[...guide].astro,file
[...partials].astro,file
[...path].astro,file
[...preview].astro,file
[category],dir
[page],dir
[tag],dir
__aria-role.ts,file
__captured-disclosures.ts,file
__hovercard-trigger.tsx,file
__init-event.ts,file
__is-hidden-dismiss.ts,file
__mouse.test.ts,file
__mouse.ts,file
__move-request.ts,file
__screenshots__,dir
__snapshots__,dir
__use-all-events.test.helper.ts,file
__utils.test.ts,file
__utils.ts,file
_component,dir
_generate-images.ts,file
_headers,file
_layout-pagination.astro,file
_layout.astro,file
_lib,dir
_price-card.astro,file
_redirects,file
_utils.ts,file
accessibility.ts,file
account,dir
action.yml,file
actions,dir
actions.ts,file
admin,dir
admin.ts,file
after-timeout.ts,file
ak-aurora.css,file
ak-badge.css,file
ak-button.css,file
ak-checkbox.css,file
ak-command.css,file
ak-container.css,file
ak-dialog.css,file
ak-disclosure.css,file
ak-heading.css,file
ak-icon.css,file
ak-input.css,file
ak-kbd.css,file
ak-link.css,file
ak-list.css,file
ak-nav.css,file
ak-option.css,file
ak-popover.css,file
ak-progress.css,file
ak-prose.css,file
ak-radio.css,file
ak-segmented.css,file
ak-select.css,file
ak-sidebar.css,file
ak-tab.css,file
ak-table.css,file
ak-tooltip.css,file
animated-tabs.react.tsx,file
animated-tabs.tsx,file
api,dir
api-reference.tsx,file
api.ts,file
app,dir
app.tsx,file
app.yml,file
apple-touch-icon.png,file
aria-labelledby-aria-label,dir
ariakit,dir
ariakit-components,dir
ariakit-experimental.react.ts,file
ariakit-plus.ts,file
ariakit-plus.tsx,file
ariakit-react,dir
ariakit-react-components,dir
ariakit-react-store,dir
ariakit-react-utils,dir
ariakit-scripts,dir
ariakit-solid,dir
ariakit-solid-components,dir
ariakit-solid-store,dir
ariakit-solid-utils,dir
ariakit-store,dir
ariakit-tailwind,dir
ariakit-tailwind-frame-cover-rtl,dir
ariakit-tailwind-layer-band-boundaries,dir
ariakit-tailwind-layer-contrast-inheritance,dir
ariakit-tailwind-layer-transparent,dir
ariakit-test,dir
ariakit-utils,dir
ariakit.css,file
ariakit.svg,file
array.test.ts,file
array.ts,file
arrow-left.tsx,file
arrow-right.tsx,file
as,dir
as.ts,file
as.tsx,file
assets,dir
ast.js,file
astro.config.ts,file
astro.svg,file
astro.ts,file
auth.ts,file
auth.tsx,file
background.svg,file
base64.ts,file
basic.react.test-helper.ts,file
basic.react.tsx,file
bell.tsx,file
benchmark,dir
billing.ts,file
blog.tsx,file
blur.react.test.tsx,file
blur.ts,file
box-patterns.react.tsx,file
bug.yml,file
build,dir
build-pages,dir
build-styles.test.ts,file
build-styles.ts,file
build-styles.yml,file
build.js,file
build.test.ts,file
build.ts,file
button,dir
button-form-status-4540,dir
button-ref-cleanup,dir
button.css,file
button.md,file
button.ts,file
button.tsx,file
canvas-color-picker.astro,file
cases.react.tsx,file
changelog,dir
changelog.png,file
changelog.ts,file
check-circle.tsx,file
check.tsx,file
checkbox,dir
checkbox-as-button,dir
checkbox-card,dir
checkbox-card.react.tsx,file
checkbox-check.tsx,file
checkbox-checked-context.tsx,file
checkbox-context.tsx,file
checkbox-custom,dir
checkbox-group,dir
checkbox-interactions,dir
checkbox-provider.tsx,file
checkbox-store.ts,file
checkbox.md,file
checkbox.ts,file
checkbox.tsx,file
checklist,dir
checkout,dir
checkout-success,dir
chevron-down.tsx,file
chevron-right.tsx,file
chevron-up.tsx,file
chip-link-list.astro,file
chip-link.astro,file
ci-run.ts,file
ci-visual.js,file
ci-visual.test.ts,file
ci.test.ts,file
ci.ts,file
ci.yml,file
clean.js,file
clerk.ts,file
click.jsdom.test.ts,file
click.test.ts,file
click.ts,file
close.tsx,file
code-block-content.astro,file
code-block-edit.react.tsx,file
code-block-segments.astro,file
code-block-tabs.astro,file
code-block.astro,file
code-block.react.tsx,file
code-block.tsx,file
code-block.types.ts,file
code-placeholder.tsx,file
code_of_conduct.md,file
collapsible.react.tsx,file
collection,dir
collection-cache.ts,file
collection-context.tsx,file
collection-item.tsx,file
collection-provider.tsx,file
collection-registration,dir
collection-renderer-6337,dir
collection-renderer-perf,dir
collection-renderer.tsx,file
collection-store.bench.ts,file
collection-store.test.ts,file
collection-store.ts,file
collection.md,file
collection.ts,file
collection.tsx,file
combobox,dir
combobox-5058,dir
combobox-5165,dir
combobox-5518,dir
combobox-6297,dir
combobox-6315,dir
combobox-active-id-3914,dir
combobox-anchor.tsx,file
combobox-animated,dir
combobox-auto-select-focus,dir
combobox-cancel,dir
combobox-cancel.tsx,file
combobox-context.tsx,file
combobox-disclosure,dir
combobox-disclosure-6296,dir
combobox-disclosure.tsx,file
combobox-dismiss.tsx,file
combobox-filtering,dir
combobox-filtering-integrated,dir
combobox-grid,dir
combobox-group,dir
combobox-group-basic,dir
combobox-group-label.tsx,file
combobox-group.tsx,file
combobox-heading.tsx,file
combobox-ime-6663,dir
combobox-inline-autocomplete,dir
combobox-input-email,dir
combobox-input-value.tsx,file
combobox-input.tsx,file
combobox-item-7316,dir
combobox-item-check.tsx,file
combobox-item-selected.tsx,file
combobox-item-value,dir
combobox-item-value-basic,dir
combobox-item-value.tsx,file
combobox-item.tsx,file
combobox-label-popover,dir
combobox-label.tsx,file
combobox-links,dir
combobox-list-6868,dir
combobox-list-7302,dir
combobox-list-form-named-active-element,dir
combobox-list.tsx,file
combobox-min-length,dir
combobox-min-length-store,dir
combobox-multiple,dir
combobox-multiple-select,dir
combobox-multiple-store,dir
combobox-multiple.react.tsx,file
combobox-overflow-padding-5696,dir
combobox-perf,dir
combobox-popover-modal-input,dir
combobox-popover-reset-on-escape,dir
combobox-popover.tsx,file
combobox-provider.tsx,file
combobox-radix,dir
combobox-radix-select,dir
combobox-renderer.tsx,file
combobox-row.tsx,file
combobox-select,dir
combobox-select-3837,dir
combobox-select-4593,dir
combobox-select-4767,dir
combobox-select-5047,dir
combobox-select-6313,dir
combobox-select-6319,dir
combobox-select-6324,dir
combobox-select-6623,dir
combobox-select-animation,dir
combobox-select-arrow.tsx,file
combobox-select-autofill,dir
combobox-select-collapsed-focus,dir
combobox-select-controlled-open,dir
combobox-select-default-open,dir
combobox-select-focus-within,dir
combobox-select-form,dir
combobox-select-form-3323,dir
combobox-select-form-disabled,dir
combobox-select-grid,dir
combobox-select-group,dir
combobox-select-item-4567,dir
combobox-select-item-5691,dir
combobox-select-item-custom,dir
combobox-select-items-unmount,dir
combobox-select-label.tsx,file
combobox-select-menu-filters,dir
combobox-select-multiple,dir
combobox-select-nextjs-app-router,dir
combobox-select-open-active-item,dir
combobox-select-open-page-scroll,dir
combobox-select-perf,dir
combobox-select-programmatic-open,dir
combobox-select-renderer,dir
combobox-select-scroll-into-view,dir
combobox-select-selected-value-presentation,dir
combobox-select-tabs,dir
combobox-select-tag-tooltip-element-id,dir
combobox-select-typeahead,dir
combobox-select-virtualized,dir
combobox-select.tsx,file
combobox-selected-value,dir
combobox-selected-value.tsx,file
combobox-separator.tsx,file
combobox-store.test.ts,file
combobox-store.ts,file
combobox-tabs,dir
combobox-tabs-1.jpg,file
combobox-tabs-animated,dir
combobox-tabs-old,dir
combobox-tag-tree-snapshot-key,dir
combobox-textarea,dir
combobox-value.tsx,file
combobox.md,file
combobox.react.test-helper.ts,file
combobox.react.tsx,file
combobox.ts,file
combobox.tsx,file
command,dir
command-activation,dir
command-keyboard-click,dir
command-menu.react.tsx,file
command-menu.tsx,file
command-press-state,dir
command.md,file
command.ts,file
command.tsx,file
commands.react.tsx,file
commands.tsx,file
commit-or-pr,dir
components,dir
components.tsx,file
composite,dir
composite-6299,dir
composite-6335,dir
composite-7360,dir
composite-container.tsx,file
composite-context.tsx,file
composite-dialog-virtual-focus,dir
composite-group-label.tsx,file
composite-group.tsx,file
composite-hover-virtual-focus-events,dir
composite-hover.tsx,file
composite-iframe-6312,dir
composite-iframe-event-realm-7193,dir
composite-input.tsx,file
composite-item-tabbable,dir
composite-item.tsx,file
composite-late-item-focus,dir
composite-menu-3768,dir
composite-navigation,dir
composite-overflow-disclosure.ts,file
composite-overflow-store.ts,file
composite-overflow.tsx,file
composite-page-scroll,dir
composite-perf,dir
composite-presentation-cancel,dir
composite-presentation-cancel-on-unmount,dir
composite-provider.tsx,file
composite-renderer-6215,dir
composite-renderer-6216,dir
composite-renderer-active-ancestor,dir
composite-renderer.tsx,file
composite-row-6334,dir
composite-row.tsx,file
composite-separator.tsx,file
composite-store.bench.ts,file
composite-store.test.ts,file
composite-store.ts,file
composite-superseded-move,dir
composite-typeahead-buffer,dir
composite-typeahead.tsx,file
composite-virtual-focus-events,dir
composite.md,file
composite.react.test-helper.ts,file
composite.react.tsx,file
composite.ts,file
composite.tsx,file
compositions.react.test-helper.ts,file
compositions.react.tsx,file
config.js,file
config.json,file
config.yml,file
const.js,file
container-left-menu.astro,file
container-right-menu.astro,file
content-admonition.astro,file
content-code-block.astro,file
content-components.astro,file
content-disclosure.astro,file
content-disclosure.react.tsx,file
content-full-width.astro,file
content-heading.astro,file
content-installation.astro,file
content-link.astro,file
content-list-item.astro,file
content-list.astro,file
content-paragraph.astro,file
content-separator.astro,file
content.config.ts,file
content.test.ts,file
content.ts,file
contents.ts,file
context.js,file
contributing.md,file
copy-code.react.tsx,file
copy-to-clipboard.tsx,file
copy.tsx,file
counter-nextjs,dir
countries.ts,file
create-ref-6349,dir
create-render.react.ts,file
css.d.ts,file
custom-items,dir
customer-portal,dir
dark,file
dark-high-contrast,file
data,dir
data.ts,file
date-from-now.tsx,file
datetime.ts,file
debug-polygon.ts,file
default.png,file
default.ts,file
default.tsx,file
defer.ts,file
deploy-preview.yml,file
deploy.yml,file
description,dir
description.mdx,file
detailed,dir
dev.test.ts,file
dev.ts,file
dialog,dir
dialog-3403,dir
dialog-4345,dir
dialog-5057,dir
dialog-5156,dir
dialog-5179,dir
dialog-5238,dir
dialog-animated,dir
dialog-animated-variants,dir
dialog-backdrop-6339,dir
dialog-backdrop-7335,dir
dialog-backdrop-7344,dir
dialog-backdrop-scrollable,dir
dialog-backdrop-scrollable.jpg,file
dialog-backdrop-scrollable.mp4,file
dialog-backdrop.tsx,file
dialog-combobox-4825,dir
dialog-combobox-command-menu,dir
dialog-combobox-tab-command-menu,dir
dialog-combobox-tab-command-menu-focus-loop.png,file
dialog-combobox-tab-command-menu-focus-shift.png,file
dialog-context.tsx,file
dialog-controlled-open,dir
dialog-core-interactions,dir
dialog-description.tsx,file
dialog-details,dir
dialog-details-enhancement,dir
dialog-disclosure-5224,dir
dialog-disclosure.tsx,file
dialog-dismiss.tsx,file
dialog-form-7201,dir
dialog-form-named-active-element,dir
dialog-framer-motion,dir
dialog-heading.tsx,file
dialog-hidden-dismiss,dir
dialog-hide-warning,dir
dialog-hide-warning-store,dir
dialog-hide-warning-unmount,dir
dialog-iframe-interactions,dir
dialog-menu,dir
dialog-menu-interactions,dir
dialog-nested,dir
dialog-nested-cart,dir
dialog-nested-variants,dir
dialog-next-router,dir
dialog-nextjs-app-router,dir
dialog-notifications,dir
dialog-perf,dir
dialog-persistent-elements,dir
dialog-provider.tsx,file
dialog-radix,dir
dialog-radix-1password.png,file
dialog-radix-google-translate.png,file
dialog-react-router,dir
dialog-react-toastify,dir
dialog-reopen-focus-state,dir
dialog-route-state,dir
dialog-scrollable-backdrop,dir
dialog-store.ts,file
dialog.md,file
dialog.react.tsx,file
dialog.ts,file
dialog.tsx,file
disable-accessibility-tree-outside.ts,file
disable-tree.ts,file
disclosure,dir
disclosure-animated,dir
disclosure-content-animating,dir
disclosure-content-lifecycle,dir
disclosure-content.tsx,file
disclosure-context.tsx,file
disclosure-core-interactions,dir
disclosure-provider.tsx,file
disclosure-react-aria,dir
disclosure-store.bench.ts,file
disclosure-store.test.ts,file
disclosure-store.ts,file
disclosure-transition,dir
disclosure.md,file
disclosure.react.tsx,file
disclosure.ts,file
disclosure.tsx,file
dispatch-without-pointer-event.test.ts,file
dispatch.jsdom.test.ts,file
dispatch.test.ts,file
dispatch.ts,file
docs.test.ts,file
docs.ts,file
docs.yml,file
document.tsx,file
dom.test.ts,file
dom.ts,file
dropdown-item.tsx,file
dummy-clerk-integration.ts,file
edit.tsx,file
env.d.ts,file
events.test.ts,file
events.ts,file
examples,dir
examples.ts,file
examples.tsx,file
extensions.json,file
favicon-16x16.png,file
favicon-32x32.png,file
favicon.ico,file
feature.yml,file
filters.ts,file
fixtures.ts,file
focus-trap,dir
focus-trap-elements,dir
focus-trap-navigation,dir
focus-trap-region,dir
focus-trap-region.tsx,file
focus-trap.ts,file
focus-trap.tsx,file
focus.test.ts,file
focus.ts,file
focusable,dir
focusable-click-focus,dir
focusable-container.tsx,file
focusable-context.tsx,file
focusable-tab-7153,dir
focusable-textarea-semantics,dir
focusable-tooltip-7094,dir
focusable.md,file
focusable.ts,file
focusable.tsx,file
folder-open.tsx,file
food.ts,file
footer.tsx,file
form,dir
form-3607,dir
form-6305,dir
form-6307,dir
form-6309,dir
form-array-focus,dir
form-callback-queue,dir
form-checkbox-integer-like-name,dir
form-checkbox.tsx,file
form-context.tsx,file
form-control.tsx,file
form-description.tsx,file
form-error.tsx,file
form-field.tsx,file
form-group-label.tsx,file
form-group.tsx,file
form-input.tsx,file
form-label.tsx,file
form-names-6308,dir
form-provider.tsx,file
form-push.tsx,file
form-radio,dir
form-radio-3833,dir
form-radio-group.tsx,file
form-radio.tsx,file
form-remove.tsx,file
form-reset.tsx,file
form-select,dir
form-store.test.ts,file
form-store.ts,file
form-submit.tsx,file
form-valid,dir
form.md,file
form.react.tsx,file
form.ts,file
form.tsx,file
frameworks.ts,file
funding.yml,file
gallery.mdx,file
get-changelog-entry.test.ts,file
get-css-files-from-deps.js,file
get-example-deps.js,file
get-example-id.js,file
get-next-page-metadata.ts,file
get-page-content.js,file
get-page-content.test.ts,file
get-page-entry-files.js,file
get-page-icon.tsx,file
get-page-index-detail.js,file
get-page-name.js,file
get-page-sections.js,file
get-page-source-files.js,file
get-page-title.js,file
get-page-tree.js,file
get-portal-root.ts,file
get-updates.ts,file
github.tsx,file
global-notification.tsx,file
global.css,file
globals.css,file
globals.d.ts,file
grid,dir
group,dir
group-6327,dir
group-label-context.tsx,file
group-label.tsx,file
group-semantics,dir
group.md,file
group.ts,file
group.tsx,file
guide,dir
guide.tsx,file
guides,dir
hashtag.tsx,file
header-ariakit-plus.tsx,file
header-logo.tsx,file
header-menu.tsx,file
header-nav.tsx,file
header-theme-switch.tsx,file
header-updates.tsx,file
header-version-select.tsx,file
header.ts,file
header.tsx,file
heading,dir
heading-context.tsx,file
heading-level-computation,dir
heading-level.tsx,file
heading.md,file
heading.ts,file
heading.tsx,file
heart.tsx,file
hero.tsx,file
home-tags-grid.tsx,file
hooks.ts,file
horizontal-scroll-button.astro,file
horizontal-scroll.astro,file
hover.ts,file
hovercard,dir
hovercard-5156,dir
hovercard-anchor.tsx,file
hovercard-arrow.tsx,file
hovercard-context.tsx,file
hovercard-description.tsx,file
hovercard-disclosure,dir
hovercard-disclosure-interactions,dir
hovercard-disclosure.tsx,file
hovercard-dismiss.tsx,file
hovercard-heading.tsx,file
hovercard-interactions,dir
hovercard-nested-listener,dir
hovercard-provider.tsx,file
hovercard-shadow-open-count,dir
hovercard-shadow-widget-6303,dir
hovercard-store.ts,file
hovercard.md,file
hovercard.ts,file
hovercard.tsx,file
icon,dir
icon-dark.svg,file
icon-description,dir
icon-rounded-blue-white.png,file
icon-rounded-outline-blue-white.png,file
icon-squared-solid-blue-white.png,file
icon-squared-solid-padded-blue-white.png,file
icon.react.tsx,file
icon.svg,file
icons,dir
icons.react.tsx,file
icons.ts,file
icons.tsx,file
images,dir
images.ts,file
indented,dir
index.astro,file
index.html,file
index.mdx,file
index.react.tsx,file
index.solid.tsx,file
index.ts,file
index.tsx,file
inline-fragment.react.tsx,file
inline-link.react.tsx,file
inline-link.tsx,file
input.ts,file
install-playwright,dir
is-backdrop.ts,file
is-focus-trap.ts,file
is-iterable.ts,file
is-valid-href.ts,file
issue-fixed.yml,file
javascript.tsx,file
jsdoc-loader.test.ts,file
jsdoc-loader.ts,file
jsdoc.ts,file
kv.ts,file
languages.ts,file
large-dark.png,file
large-light.png,file
launch.json,file
layout.tsx,file
lazy-button.react.tsx,file
lazy-popover.react.tsx,file
leading-images,dir
lefthook.yml,file
legacy-clean.test.ts,file
legacy-clean.ts,file
lib,dir
lib.ts,file
license,dir
license,file
license.md,file
light,file
light-high-contrast,file
links.ts,file
list-page.tsx,file
list.react.tsx,file
list.ts,file
list.tsx,file
loading.tsx,file
locale.test.ts,file
locale.ts,file
logger.ts,file
login,dir
login.astro,file
logo,dir
logo-dark.png,file
logo-dark.svg,file
logo-light.png,file
logo-light.svg,file
logo.react.tsx,file
logo.tsx,file
mail.tsx,file
main.tsx,file
main.yml,file
mark-tree-outside.ts,file
markdown.astro,file
mdx-loader.ts,file
media,dir
medium-dark.png,file
medium-light.png,file
menu,dir
menu-3214,dir
menu-4270,dir
menu-4904,dir
menu-4938,dir
menu-5899,dir
menu-7315,dir
menu-always-visible,dir
menu-anchor.tsx,file
menu-arrow.tsx,file
menu-bar-provider.tsx,file
menu-bar-store.ts,file
menu-bar.tsx,file
menu-button-arrow.tsx,file
menu-button-disabled,dir
menu-button.tsx,file
menu-checkbox-interactions,dir
menu-combobox,dir
menu-combobox-interactions,dir
menu-context-interactions,dir
menu-context-menu,dir
menu-context.tsx,file
menu-core-interactions,dir
menu-description.tsx,file
menu-dialog-close,dir
menu-dialog-transitions,dir
menu-dismiss.tsx,file
menu-framer-motion,dir
menu-group-label.tsx,file
menu-group.tsx,file
menu-heading.tsx,file
menu-initial-focus-render,dir
menu-item-check.tsx,file
menu-item-checkbox,dir
menu-item-checkbox.tsx,file
menu-item-checked,dir
menu-item-hover-7012,dir
menu-item-radio,dir
menu-item-radio.tsx,file
menu-item.tsx,file
menu-list.tsx,file
menu-maximum-update-depth,dir
menu-modal-composition,dir
menu-modal-persistent-elements,dir
menu-motion-transitions,dir
menu-nested,dir
menu-nested-combobox,dir
menu-nested-combobox-code-1.jpg,file
menu-nested-combobox-hover-intent.mp4,file
menu-nested-combobox-hover-intent.png,file
menu-nested-interactions,dir
menu-nested-search-interactions,dir
menu-perf,dir
menu-placing-pass,dir
menu-provider.tsx,file
menu-radio-interactions,dir
menu-separator.tsx,file
menu-slide,dir
menu-slide-navigation,dir
menu-store.ts,file
menu-tooltip,dir
menu-tooltip-variants,dir
menu-values-interactions,dir
menu.md,file
menu.react.tsx,file
menu.ts,file
menu.tsx,file
menubar,dir
menubar-composite-orientation,dir
menubar-context.tsx,file
menubar-interactions,dir
menubar-navigation,dir
menubar-navigation-hover-intent.jpg,file
menubar-navigation-hover-intent.mp4,file
menubar-provider.tsx,file
menubar-store.test.ts,file
menubar-store.ts,file
menubar.md,file
menubar.react.tsx,file
menubar.ts,file
menubar.tsx,file
merge-props.react.ts,file
meta.astro,file
middleware.ts,file
migrating-to-v02.md,file
misc.test.ts,file
misc.ts,file
modal.react.tsx,file
moon.tsx,file
mouse-down.test.ts,file
mouse-down.ts,file
mouse-up.ts,file
native-button-semantics,dir
nav.react.tsx,file
navigation,dir
nested,dir
new,dir
new-window.tsx,file
newsletter-form.tsx,file
newsletter-section.tsx,file
next-env.d.ts,file
next.config.js,file
next.config.ts,file
nextjs,dir
nextjs.test.ts,file
nextjs.ts,file
nextjs.tsx,file
no-scroll.react.tsx,file
non-nullable.js,file
npm.tsx,file
object.ts,file
og-image,dir
og-image-key.test.ts,file
og-image-key.ts,file
og-image-path.test.ts,file
og-image-path.ts,file
og-images.yml,file
on-idle.ts,file
open-next.config.ts,file
orchestrate.test.ts,file
orchestrate.ts,file
orders.ts,file
output.css,file
oxfmt.config.ts,file
oxlint.config.ts,file
package-json-dev.js,file
package.json,file
packages,dir
page-card-component.astro,file
page-card-example.astro,file
page-card.astro,file
page-card.react.tsx,file
page-cards.tsx,file
page-container.tsx,file
page-context.tsx,file
page-elements.tsx,file
page-example.tsx,file
page-hovercard.tsx,file
page-item.tsx,file
page-markdown.tsx,file
page-pre.tsx,file
page-section.tsx,file
page-sidebar.tsx,file
page-tag.tsx,file
page-video.tsx,file
page.ts,file
page.tsx,file
pages,dir
pages-webpack-plugin.js,file
pages.ts,file
parse-css-file.js,file
patches,dir
path-to-posix.js,file
paths.ts,file
perf-chrome.ts,file
perf-compare.test.ts,file
perf-compare.ts,file
perf.test.ts,file
perf.ts,file
perf.yml,file
placeholder-popover-arrow.react.tsx,file
placeholder-text.react.tsx,file
platform.ts,file
playground-browser.tsx,file
playground-client.tsx,file
playground-edit.tsx,file
playground-toolbar.tsx,file
playground.astro,file
playground.react.tsx,file
playground.tsx,file
playwright.config.ts,file
playwright.ts,file
plus,dir
plus-bordered.tsx,file
plus-checkout-frame.astro,file
plus-screen.tsx,file
plus.tsx,file
plus.yml,file
pnpm-lock.yaml,file
pnpm-workspace.yaml,file
polygon.test.ts,file
polygon.ts,file
popover,dir
popover-6310,dir
popover-anchor-3729,dir
popover-anchor.tsx,file
popover-arrow,dir
popover-arrow-path.ts,file
popover-arrow.tsx,file
popover-closed-overflow-padding,dir
popover-context.tsx,file
popover-core-interactions,dir
popover-description.tsx,file
popover-disclosure-7087,dir
popover-disclosure-arrow.tsx,file
popover-disclosure-render,dir
popover-disclosure.tsx,file
popover-dismiss.tsx,file
popover-flip-placement,dir
popover-focus-within,dir
popover-heading.tsx,file
popover-lazy,dir
popover-lazy-loading,dir
popover-provider.tsx,file
popover-responsive,dir
popover-responsive-behavior,dir
popover-selection,dir
popover-stale-position,dir
popover-standalone,dir
popover-store.test.ts,file
popover-store.ts,file
popover.md,file
popover.ts,file
popover.tsx,file
popup.tsx,file
popup2.tsx,file
portal,dir
portal-combobox-7218,dir
portal-context.tsx,file
portal-core-rendering,dir
portal-dialog-6322,dir
portal-toggle-ref-cleanup,dir
portal.md,file
portal.ts,file
portal.tsx,file
post-message.tsx,file
postcss.config.cjs,file
postcss.config.js,file
preserve-scroll.astro,file
press.jsdom.test.ts,file
press.test.ts,file
press.ts,file
preview-codegen.ts,file
preview-config.ts,file
preview-discovery.test.ts,file
preview-discovery.ts,file
preview-framework.astro,file
preview-gallery.astro,file
preview-hydration.react.tsx,file
preview-hydration.solid.tsx,file
preview-hydration.ts,file
preview-index.test.ts,file
preview-index.ts,file
preview-integration.test.ts,file
preview-integration.ts,file
preview-toolbar.tsx,file
preview.json,file
preview.solid.tsx,file
preview.ts,file
preview.tsx,file
previews,dir
previews-browser.ts,file
previews.ts,file
price,dir
price-key.test.ts,file
price-key.ts,file
prices.astro,file
profile,dir
progress.react.tsx,file
progressive-blur.react.tsx,file
promos.astro,file
public,dir
public-cases,dir
public-tests,dir
query-provider.tsx,file
query.test.ts,file
query.ts,file
queue-before-event-6350,dir
radio,dir
radio-6345,dir
radio-context.tsx,file
radio-group-3833,dir
radio-group-3851,dir
radio-group.tsx,file
radio-provider.tsx,file
radio-selection-events,dir
radio-shift-tab-focus,dir
radio-store.ts,file
radio.md,file
radio.ts,file
radio.tsx,file
react,dir
react-aria,dir
react-checkbox-card-desktop-dark-chrome.webp,file
react-checkbox-card-desktop-dark-firefox.webp,file
react-checkbox-card-desktop-dark-safari.webp,file
react-checkbox-card-desktop-light-chrome.webp,file
react-checkbox-card-desktop-light-firefox.webp,file
react-checkbox-card-desktop-light-safari.webp,file
react-checkbox-card-detailed-desktop-dark-chrome.webp,file
react-checkbox-card-detailed-desktop-dark-firefox.webp,file
react-checkbox-card-detailed-desktop-dark-safari.webp,file
react-checkbox-card-detailed-desktop-light-chrome.webp,file
react-checkbox-card-detailed-desktop-light-firefox.webp,file
react-checkbox-card-detailed-desktop-light-safari.webp,file
react-checkbox-card-detailed-mobile-dark-chrome.webp,file
react-checkbox-card-detailed-mobile-dark-firefox.webp,file
react-checkbox-card-detailed-mobile-dark-safari.webp,file
react-checkbox-card-detailed-mobile-light-chrome.webp,file
react-checkbox-card-detailed-mobile-light-firefox.webp,file
react-checkbox-card-detailed-mobile-light-safari.webp,file
react-checkbox-card-form-desktop-dark-chrome.webp,file
react-checkbox-card-form-desktop-dark-firefox.webp,file
react-checkbox-card-form-desktop-dark-safari.webp,file
react-checkbox-card-form-desktop-light-chrome.webp,file
react-checkbox-card-form-desktop-light-firefox.webp,file
react-checkbox-card-form-desktop-light-safari.webp,file
react-checkbox-card-form-mobile-dark-chrome.webp,file
react-checkbox-card-form-mobile-dark-firefox.webp,file
react-checkbox-card-form-mobile-dark-safari.webp,file
react-checkbox-card-form-mobile-light-chrome.webp,file
react-checkbox-card-form-mobile-light-firefox.webp,file
react-checkbox-card-form-mobile-light-safari.webp,file
react-checkbox-card-grid-desktop-dark-chrome.webp,file
react-checkbox-card-grid-desktop-dark-firefox.webp,file
react-checkbox-card-grid-desktop-dark-safari.webp,file
react-checkbox-card-grid-desktop-light-chrome.webp,file
react-checkbox-card-grid-desktop-light-firefox.webp,file
react-checkbox-card-grid-desktop-light-safari.webp,file
react-checkbox-card-grid-mobile-dark-chrome.webp,file
react-checkbox-card-grid-mobile-dark-firefox.webp,file
react-checkbox-card-grid-mobile-dark-safari.webp,file
react-checkbox-card-grid-mobile-light-chrome.webp,file
react-checkbox-card-grid-mobile-light-firefox.webp,file
react-checkbox-card-grid-mobile-light-safari.webp,file
react-checkbox-card-indented-desktop-dark-chrome.webp,file
react-checkbox-card-indented-desktop-dark-firefox.webp,file
react-checkbox-card-indented-desktop-dark-safari.webp,file
react-checkbox-card-indented-desktop-light-chrome.webp,file
react-checkbox-card-indented-desktop-light-firefox.webp,file
react-checkbox-card-indented-desktop-light-safari.webp,file
react-checkbox-card-indented-mobile-dark-chrome.webp,file
react-checkbox-card-indented-mobile-dark-firefox.webp,file
react-checkbox-card-indented-mobile-dark-safari.webp,file
react-checkbox-card-indented-mobile-light-chrome.webp,file
react-checkbox-card-indented-mobile-light-firefox.webp,file
react-checkbox-card-indented-mobile-light-safari.webp,file
react-checkbox-card-leading-images-desktop-dark-chrome.webp,file
react-checkbox-card-leading-images-desktop-dark-firefox.webp,file
react-checkbox-card-leading-images-desktop-dark-safari.webp,file
react-checkbox-card-leading-images-desktop-light-chrome.webp,file
react-checkbox-card-leading-images-desktop-light-firefox.webp,file
react-checkbox-card-leading-images-desktop-light-safari.webp,file
react-checkbox-card-leading-images-mobile-dark-chrome.webp,file
react-checkbox-card-leading-images-mobile-dark-firefox.webp,file
react-checkbox-card-leading-images-mobile-dark-safari.webp,file
react-checkbox-card-leading-images-mobile-light-chrome.webp,file
react-checkbox-card-leading-images-mobile-light-firefox.webp,file
react-checkbox-card-leading-images-mobile-light-safari.webp,file
react-checkbox-card-mobile-dark-chrome.webp,file
react-checkbox-card-mobile-dark-firefox.webp,file
react-checkbox-card-mobile-dark-safari.webp,file
react-checkbox-card-mobile-light-chrome.webp,file
react-checkbox-card-mobile-light-firefox.webp,file
react-checkbox-card-mobile-light-safari.webp,file
react-checkbox-card-round-desktop-dark-chrome.webp,file
react-checkbox-card-round-desktop-dark-firefox.webp,file
react-checkbox-card-round-desktop-dark-safari.webp,file
react-checkbox-card-round-desktop-light-chrome.webp,file
react-checkbox-card-round-desktop-light-firefox.webp,file
react-checkbox-card-round-desktop-light-safari.webp,file
react-checkbox-card-round-mobile-dark-chrome.webp,file
react-checkbox-card-round-mobile-dark-firefox.webp,file
react-checkbox-card-round-mobile-dark-safari.webp,file
react-checkbox-card-round-mobile-light-chrome.webp,file
react-checkbox-card-round-mobile-light-firefox.webp,file
react-checkbox-card-round-mobile-light-safari.webp,file
react-checkbox-card-top-images-desktop-dark-chrome.webp,file
react-checkbox-card-top-images-desktop-dark-firefox.webp,file
react-checkbox-card-top-images-desktop-dark-safari.webp,file
react-checkbox-card-top-images-desktop-light-chrome.webp,file
react-checkbox-card-top-images-desktop-light-firefox.webp,file
react-checkbox-card-top-images-desktop-light-safari.webp,file
react-checkbox-card-top-images-mobile-dark-chrome.webp,file
react-checkbox-card-top-images-mobile-dark-firefox.webp,file
react-checkbox-card-top-images-mobile-dark-safari.webp,file
react-checkbox-card-top-images-mobile-light-chrome.webp,file
react-checkbox-card-top-images-mobile-light-firefox.webp,file
react-checkbox-card-top-images-mobile-light-safari.webp,file
react-checkbox-card-trailing-images-desktop-dark-chrome.webp,file
react-checkbox-card-trailing-images-desktop-dark-firefox.webp,file
react-checkbox-card-trailing-images-desktop-dark-safari.webp,file
react-checkbox-card-trailing-images-desktop-light-chrome.webp,file
react-checkbox-card-trailing-images-desktop-light-firefox.webp,file
react-checkbox-card-trailing-images-desktop-light-safari.webp,file
react-checkbox-card-trailing-images-mobile-dark-chrome.webp,file
react-checkbox-card-trailing-images-mobile-dark-firefox.webp,file
react-checkbox-card-trailing-images-mobile-dark-safari.webp,file
react-checkbox-card-trailing-images-mobile-light-chrome.webp,file
react-checkbox-card-trailing-images-mobile-light-firefox.webp,file
react-checkbox-card-trailing-images-mobile-light-safari.webp,file
react-click-link-default-dark-chrome.webp,file
react-click-link-default-dark-firefox.webp,file
react-click-link-default-dark-safari.webp,file
react-click-link-default-light-chrome.webp,file
react-click-link-default-light-firefox.webp,file
react-click-link-default-light-safari.webp,file
react-click-select-default-dark-chrome.webp,file
react-click-select-default-dark-firefox.webp,file
react-click-select-default-dark-safari.webp,file
react-click-select-default-light-chrome.webp,file
react-click-select-default-light-firefox.webp,file
react-click-select-default-light-safari.webp,file
react-combobox-group-custom-items-desktop-dark-chrome.webp,file
react-combobox-group-custom-items-desktop-dark-firefox.webp,file
react-combobox-group-custom-items-desktop-dark-safari.webp,file
react-combobox-group-custom-items-desktop-light-chrome.webp,file
react-combobox-group-custom-items-desktop-light-firefox.webp,file
react-combobox-group-custom-items-desktop-light-safari.webp,file
react-combobox-group-custom-items-mobile-dark-chrome.webp,file
react-combobox-group-custom-items-mobile-dark-firefox.webp,file
react-combobox-group-custom-items-mobile-dark-safari.webp,file
react-combobox-group-custom-items-mobile-light-chrome.webp,file
react-combobox-group-custom-items-mobile-light-firefox.webp,file
react-combobox-group-custom-items-mobile-light-safari.webp,file
react-combobox-group-desktop-dark-chrome.webp,file
react-combobox-group-desktop-dark-firefox.webp,file
react-combobox-group-desktop-dark-safari.webp,file
react-combobox-group-desktop-light-chrome.webp,file
react-combobox-group-desktop-light-firefox.webp,file
react-combobox-group-desktop-light-safari.webp,file
react-combobox-group-mobile-dark-chrome.webp,file
react-combobox-group-mobile-dark-firefox.webp,file
react-combobox-group-mobile-dark-safari.webp,file
react-combobox-group-mobile-light-chrome.webp,file
react-combobox-group-mobile-light-firefox.webp,file
react-combobox-group-mobile-light-safari.webp,file
react-combobox-group-sticky-group-labels-desktop-dark-chrome.webp,file
react-combobox-group-sticky-group-labels-desktop-dark-firefox.webp,file
react-combobox-group-sticky-group-labels-desktop-dark-safari.webp,file
react-combobox-group-sticky-group-labels-desktop-light-chrome.webp,file
react-combobox-group-sticky-group-labels-desktop-light-firefox.webp,file
react-combobox-group-sticky-group-labels-desktop-light-safari.webp,file
react-combobox-group-sticky-group-labels-mobile-dark-chrome.webp,file
react-combobox-group-sticky-group-labels-mobile-dark-firefox.webp,file
react-combobox-group-sticky-group-labels-mobile-dark-safari.webp,file
react-combobox-group-sticky-group-labels-mobile-light-chrome.webp,file
react-combobox-group-sticky-group-labels-mobile-light-firefox.webp,file
react-combobox-group-sticky-group-labels-mobile-light-safari.webp,file
react-components-undefined-props,dir
react-dialog-framer-motion-desktop-dark-chrome.webp,file
react-dialog-framer-motion-desktop-dark-firefox.webp,file
react-dialog-framer-motion-desktop-dark-safari.webp,file
react-dialog-framer-motion-desktop-light-chrome.webp,file
react-dialog-framer-motion-desktop-light-firefox.webp,file
react-dialog-framer-motion-desktop-light-safari.webp,file
react-dialog-framer-motion-mobile-dark-chrome.webp,file
react-dialog-framer-motion-mobile-dark-firefox.webp,file
react-dialog-framer-motion-mobile-dark-safari.webp,file
react-dialog-framer-motion-mobile-light-chrome.webp,file
react-dialog-framer-motion-mobile-light-firefox.webp,file
react-dialog-framer-motion-mobile-light-safari.webp,file
react-disclosure-actions-desktop-dark-chrome.webp,file
react-disclosure-actions-desktop-dark-firefox.webp,file
react-disclosure-actions-desktop-dark-safari.webp,file
react-disclosure-actions-desktop-light-chrome.webp,file
react-disclosure-actions-desktop-light-firefox.webp,file
react-disclosure-actions-desktop-light-safari.webp,file
react-disclosure-actions-mobile-dark-chrome.webp,file
react-disclosure-actions-mobile-dark-firefox.webp,file
react-disclosure-actions-mobile-dark-safari.webp,file
react-disclosure-actions-mobile-light-chrome.webp,file
react-disclosure-actions-mobile-light-firefox.webp,file
react-disclosure-actions-mobile-light-safari.webp,file
react-disclosure-checklist-desktop-dark-chrome.webp,file
react-disclosure-checklist-desktop-dark-firefox.webp,file
react-disclosure-checklist-desktop-dark-safari.webp,file
react-disclosure-checklist-desktop-light-chrome.webp,file
react-disclosure-checklist-desktop-light-firefox.webp,file
react-disclosure-checklist-desktop-light-safari.webp,file
react-disclosure-checklist-mobile-dark-chrome.webp,file
react-disclosure-checklist-mobile-dark-firefox.webp,file
react-disclosure-checklist-mobile-dark-safari.webp,file
react-disclosure-checklist-mobile-light-chrome.webp,file
react-disclosure-checklist-mobile-light-firefox.webp,file
react-disclosure-checklist-mobile-light-safari.webp,file
react-disclosure-component-desktop-dark-chrome.webp,file
react-disclosure-component-desktop-dark-firefox.webp,file
react-disclosure-component-desktop-dark-safari.webp,file
react-disclosure-component-desktop-light-chrome.webp,file
react-disclosure-component-desktop-light-firefox.webp,file
react-disclosure-component-desktop-light-safari.webp,file
react-disclosure-component-mobile-dark-chrome.webp,file
react-disclosure-component-mobile-dark-firefox.webp,file
react-disclosure-component-mobile-dark-safari.webp,file
react-disclosure-component-mobile-light-chrome.webp,file
react-disclosure-component-mobile-light-firefox.webp,file
react-disclosure-component-mobile-light-safari.webp,file
react-disclosure-description-desktop-dark-chrome.webp,file
react-disclosure-description-desktop-dark-firefox.webp,file
react-disclosure-description-desktop-dark-safari.webp,file
react-disclosure-description-desktop-light-chrome.webp,file
react-disclosure-description-desktop-light-firefox.webp,file
react-disclosure-description-desktop-light-safari.webp,file
react-disclosure-description-mobile-dark-chrome.webp,file
react-disclosure-description-mobile-dark-firefox.webp,file
react-disclosure-description-mobile-dark-safari.webp,file
react-disclosure-description-mobile-light-chrome.webp,file
react-disclosure-description-mobile-light-firefox.webp,file
react-disclosure-description-mobile-light-safari.webp,file
react-disclosure-desktop-dark-chrome.webp,file
react-disclosure-desktop-dark-firefox.webp,file
react-disclosure-desktop-dark-safari.webp,file
react-disclosure-desktop-light-chrome.webp,file
react-disclosure-desktop-light-firefox.webp,file
react-disclosure-desktop-light-safari.webp,file
react-disclosure-group-desktop-dark-chrome.webp,file
react-disclosure-group-desktop-dark-firefox.webp,file
react-disclosure-group-desktop-dark-safari.webp,file
react-disclosure-group-desktop-light-chrome.webp,file
react-disclosure-group-desktop-light-firefox.webp,file
react-disclosure-group-desktop-light-safari.webp,file
react-disclosure-group-mobile-dark-chrome.webp,file
react-disclosure-group-mobile-dark-firefox.webp,file
react-disclosure-group-mobile-dark-safari.webp,file
react-disclosure-group-mobile-light-chrome.webp,file
react-disclosure-group-mobile-light-firefox.webp,file
react-disclosure-group-mobile-light-safari.webp,file
react-disclosure-icon-description-desktop-dark-chrome.webp,file
react-disclosure-icon-description-desktop-dark-firefox.webp,file
react-disclosure-icon-description-desktop-dark-safari.webp,file
react-disclosure-icon-description-desktop-light-chrome.webp,file
react-disclosure-icon-description-desktop-light-firefox.webp,file
react-disclosure-icon-description-desktop-light-safari.webp,file
react-disclosure-icon-description-mobile-dark-chrome.webp,file
react-disclosure-icon-description-mobile-dark-firefox.webp,file
react-disclosure-icon-description-mobile-dark-safari.webp,file
react-disclosure-icon-description-mobile-light-chrome.webp,file
react-disclosure-icon-description-mobile-light-firefox.webp,file
react-disclosure-icon-description-mobile-light-safari.webp,file
react-disclosure-icon-desktop-dark-chrome.webp,file
react-disclosure-icon-desktop-dark-firefox.webp,file
react-disclosure-icon-desktop-dark-safari.webp,file
react-disclosure-icon-desktop-light-chrome.webp,file
react-disclosure-icon-desktop-light-firefox.webp,file
react-disclosure-icon-desktop-light-safari.webp,file
react-disclosure-icon-mobile-dark-chrome.webp,file
react-disclosure-icon-mobile-dark-firefox.webp,file
react-disclosure-icon-mobile-dark-safari.webp,file
react-disclosure-icon-mobile-light-chrome.webp,file
react-disclosure-icon-mobile-light-firefox.webp,file
react-disclosure-icon-mobile-light-safari.webp,file
react-disclosure-mobile-dark-chrome.webp,file
react-disclosure-mobile-dark-firefox.webp,file
react-disclosure-mobile-dark-safari.webp,file
react-disclosure-mobile-light-chrome.webp,file
react-disclosure-mobile-light-firefox.webp,file
react-disclosure-mobile-light-safari.webp,file
react-disclosure-navigation-desktop-dark-chrome.webp,file
react-disclosure-navigation-desktop-dark-firefox.webp,file
react-disclosure-navigation-desktop-dark-safari.webp,file
react-disclosure-navigation-desktop-light-chrome.webp,file
react-disclosure-navigation-desktop-light-firefox.webp,file
react-disclosure-navigation-desktop-light-safari.webp,file
react-disclosure-navigation-mobile-dark-chrome.webp,file
react-disclosure-navigation-mobile-dark-firefox.webp,file
react-disclosure-navigation-mobile-dark-safari.webp,file
react-disclosure-navigation-mobile-light-chrome.webp,file
react-disclosure-navigation-mobile-light-firefox.webp,file
react-disclosure-navigation-mobile-light-safari.webp,file
react-disclosure-nested-desktop-dark-chrome.webp,file
react-disclosure-nested-desktop-dark-firefox.webp,file
react-disclosure-nested-desktop-dark-safari.webp,file
react-disclosure-nested-desktop-light-chrome.webp,file
react-disclosure-nested-desktop-light-firefox.webp,file
react-disclosure-nested-desktop-light-safari.webp,file
react-disclosure-nested-mobile-dark-chrome.webp,file
react-disclosure-nested-mobile-dark-firefox.webp,file
react-disclosure-nested-mobile-dark-safari.webp,file
react-disclosure-nested-mobile-light-chrome.webp,file
react-disclosure-nested-mobile-light-firefox.webp,file
react-disclosure-nested-mobile-light-safari.webp,file
react-disclosure-react-aria-checklist-desktop-dark-chrome.webp,file
react-disclosure-react-aria-checklist-desktop-dark-firefox.webp,file
react-disclosure-react-aria-checklist-desktop-dark-safari.webp,file
react-disclosure-react-aria-checklist-desktop-light-chrome.webp,file
react-disclosure-react-aria-checklist-desktop-light-firefox.webp,file
react-disclosure-react-aria-checklist-desktop-light-safari.webp,file
react-disclosure-react-aria-checklist-mobile-dark-chrome.webp,file
react-disclosure-react-aria-checklist-mobile-dark-firefox.webp,file
react-disclosure-react-aria-checklist-mobile-dark-safari.webp,file
react-disclosure-react-aria-checklist-mobile-light-chrome.webp,file
react-disclosure-react-aria-checklist-mobile-light-firefox.webp,file
react-disclosure-react-aria-checklist-mobile-light-safari.webp,file
react-disclosure-react-aria-description-desktop-dark-chrome.webp,file
react-disclosure-react-aria-description-desktop-dark-firefox.webp,file
react-disclosure-react-aria-description-desktop-dark-safari.webp,file
react-disclosure-react-aria-description-desktop-light-chrome.webp,file
react-disclosure-react-aria-description-desktop-light-firefox.webp,file
react-disclosure-react-aria-description-desktop-light-safari.webp,file
react-disclosure-react-aria-description-mobile-dark-chrome.webp,file
react-disclosure-react-aria-description-mobile-dark-firefox.webp,file
react-disclosure-react-aria-description-mobile-dark-safari.webp,file
react-disclosure-react-aria-description-mobile-light-chrome.webp,file
react-disclosure-react-aria-description-mobile-light-firefox.webp,file
react-disclosure-react-aria-description-mobile-light-safari.webp,file
react-disclosure-react-aria-desktop-dark-chrome.webp,file
react-disclosure-react-aria-desktop-dark-firefox.webp,file
react-disclosure-react-aria-desktop-dark-safari.webp,file
react-disclosure-react-aria-desktop-light-chrome.webp,file
react-disclosure-react-aria-desktop-light-firefox.webp,file
react-disclosure-react-aria-desktop-light-safari.webp,file
react-disclosure-react-aria-group-desktop-dark-chrome.webp,file
react-disclosure-react-aria-group-desktop-dark-firefox.webp,file
react-disclosure-react-aria-group-desktop-dark-safari.webp,file
react-disclosure-react-aria-group-desktop-light-chrome.webp,file
react-disclosure-react-aria-group-desktop-light-firefox.webp,file
react-disclosure-react-aria-group-desktop-light-safari.webp,file
react-disclosure-react-aria-group-mobile-dark-chrome.webp,file
react-disclosure-react-aria-group-mobile-dark-firefox.webp,file
react-disclosure-react-aria-group-mobile-dark-safari.webp,file
react-disclosure-react-aria-group-mobile-light-chrome.webp,file
react-disclosure-react-aria-group-mobile-light-firefox.webp,file
react-disclosure-react-aria-group-mobile-light-safari.webp,file
react-disclosure-react-aria-icon-description-desktop-dark-chrome.webp,file
react-disclosure-react-aria-icon-description-desktop-dark-firefox.webp,file
react-disclosure-react-aria-icon-description-desktop-dark-safari.webp,file
react-disclosure-react-aria-icon-description-desktop-light-chrome.webp,file
react-disclosure-react-aria-icon-description-desktop-light-firefox.webp,file
react-disclosure-react-aria-icon-description-desktop-light-safari.webp,file
react-disclosure-react-aria-icon-description-mobile-dark-chrome.webp,file
react-disclosure-react-aria-icon-description-mobile-dark-firefox.webp,file
react-disclosure-react-aria-icon-description-mobile-dark-safari.webp,file
react-disclosure-react-aria-icon-description-mobile-light-chrome.webp,file
react-disclosure-react-aria-icon-description-mobile-light-firefox.webp,file
react-disclosure-react-aria-icon-description-mobile-light-safari.webp,file
react-disclosure-react-aria-icon-desktop-dark-chrome.webp,file
react-disclosure-react-aria-icon-desktop-dark-firefox.webp,file
react-disclosure-react-aria-icon-desktop-dark-safari.webp,file
react-disclosure-react-aria-icon-desktop-light-chrome.webp,file
react-disclosure-react-aria-icon-desktop-light-firefox.webp,file
react-disclosure-react-aria-icon-desktop-light-safari.webp,file
react-disclosure-react-aria-icon-mobile-dark-chrome.webp,file
react-disclosure-react-aria-icon-mobile-dark-firefox.webp,file
react-disclosure-react-aria-icon-mobile-dark-safari.webp,file
react-disclosure-react-aria-icon-mobile-light-chrome.webp,file
react-disclosure-react-aria-icon-mobile-light-firefox.webp,file
react-disclosure-react-aria-icon-mobile-light-safari.webp,file
react-disclosure-react-aria-mobile-dark-chrome.webp,file
react-disclosure-react-aria-mobile-dark-firefox.webp,file
react-disclosure-react-aria-mobile-dark-safari.webp,file
react-disclosure-react-aria-mobile-light-chrome.webp,file
react-disclosure-react-aria-mobile-light-firefox.webp,file
react-disclosure-react-aria-mobile-light-safari.webp,file
react-disclosure-react-aria-nested-desktop-dark-chrome.webp,file
react-disclosure-react-aria-nested-desktop-dark-firefox.webp,file
react-disclosure-react-aria-nested-desktop-dark-safari.webp,file
react-disclosure-react-aria-nested-desktop-light-chrome.webp,file
react-disclosure-react-aria-nested-desktop-light-firefox.webp,file
react-disclosure-react-aria-nested-desktop-light-safari.webp,file
react-disclosure-react-aria-nested-mobile-dark-chrome.webp,file
react-disclosure-react-aria-nested-mobile-dark-firefox.webp,file
react-disclosure-react-aria-nested-mobile-dark-safari.webp,file
react-disclosure-react-aria-nested-mobile-light-chrome.webp,file
react-disclosure-react-aria-nested-mobile-light-firefox.webp,file
react-disclosure-react-aria-nested-mobile-light-safari.webp,file
react-hide-default-dark-chrome.webp,file
react-hide-default-dark-firefox.webp,file
react-hide-default-dark-safari.webp,file
react-hide-default-light-chrome.webp,file
react-hide-default-light-firefox.webp,file
react-hide-default-light-safari.webp,file
react-hooks,dir
react-hover-default-dark-chrome.webp,file
react-hover-default-dark-firefox.webp,file
react-hover-default-dark-safari.webp,file
react-hover-default-light-chrome.webp,file
react-hover-default-light-firefox.webp,file
react-hover-default-light-safari.webp,file
react-open-default-dark-1-chrome.webp,file
react-open-default-dark-1-firefox.webp,file
react-open-default-dark-1-safari.webp,file
react-open-default-dark-2-chrome.webp,file
react-open-default-dark-2-firefox.webp,file
react-open-default-dark-2-safari.webp,file
react-open-default-dark-3-chrome.webp,file
react-open-default-dark-3-firefox.webp,file
react-open-default-dark-3-safari.webp,file
react-open-default-dark-chrome.webp,file
react-open-default-dark-firefox.webp,file
react-open-default-dark-safari.webp,file
react-open-default-light-1-chrome.webp,file
react-open-default-light-1-firefox.webp,file
react-open-default-light-1-safari.webp,file
react-open-default-light-2-chrome.webp,file
react-open-default-light-2-firefox.webp,file
react-open-default-light-2-safari.webp,file
react-open-default-light-3-chrome.webp,file
react-open-default-light-3-firefox.webp,file
react-open-default-light-3-safari.webp,file
react-open-default-light-chrome.webp,file
react-open-default-light-firefox.webp,file
react-open-default-light-safari.webp,file
react-open-desktop-dark-chrome.webp,file
react-open-desktop-dark-firefox.webp,file
react-open-desktop-dark-safari.webp,file
react-open-desktop-light-chrome.webp,file
react-open-desktop-light-firefox.webp,file
react-open-desktop-light-safari.webp,file
react-open-dialog-default-dark-1-chrome.webp,file
react-open-dialog-default-dark-1-firefox.webp,file
react-open-dialog-default-dark-1-safari.webp,file
react-open-dialog-default-dark-chrome.webp,file
react-open-dialog-default-dark-firefox.webp,file
react-open-dialog-default-dark-safari.webp,file
react-open-dialog-default-light-1-chrome.webp,file
react-open-dialog-default-light-1-firefox.webp,file
react-open-dialog-default-light-1-safari.webp,file
react-open-dialog-default-light-chrome.webp,file
react-open-dialog-default-light-firefox.webp,file
react-open-dialog-default-light-safari.webp,file
react-open-mobile-dark-chrome.webp,file
react-open-mobile-dark-firefox.webp,file
react-open-mobile-dark-safari.webp,file
react-open-mobile-light-chrome.webp,file
react-open-mobile-light-firefox.webp,file
react-open-mobile-light-safari.webp,file
react-popover-component-desktop-dark-chrome.webp,file
react-popover-component-desktop-dark-firefox.webp,file
react-popover-component-desktop-dark-safari.webp,file
react-popover-component-desktop-light-chrome.webp,file
react-popover-component-desktop-light-firefox.webp,file
react-popover-component-desktop-light-safari.webp,file
react-popover-component-mobile-dark-chrome.webp,file
react-popover-component-mobile-dark-firefox.webp,file
react-popover-component-mobile-dark-safari.webp,file
react-popover-component-mobile-light-chrome.webp,file
react-popover-component-mobile-light-firefox.webp,file
react-popover-component-mobile-light-safari.webp,file
react-separator-component-desktop-dark-chrome.webp,file
react-separator-component-desktop-dark-firefox.webp,file
react-separator-component-desktop-dark-safari.webp,file
react-separator-component-desktop-light-chrome.webp,file
react-separator-component-desktop-light-firefox.webp,file
react-separator-component-desktop-light-safari.webp,file
react-separator-component-mobile-dark-chrome.webp,file
react-separator-component-mobile-dark-firefox.webp,file
react-separator-component-mobile-dark-safari.webp,file
react-separator-component-mobile-light-chrome.webp,file
react-separator-component-mobile-light-firefox.webp,file
react-separator-component-mobile-light-safari.webp,file
react-utils,dir
react.test.tsx,file
react.tsx,file
react18.test.ts,file
react18.ts,file
react_components.png,file
react_components_disclosure.png,file
react_components_getting-started.png,file
react_components_popover.png,file
react_components_separator.png,file
react_components_styling.png,file
react_examples.png,file
react_examples_checkbox-card.png,file
react_examples_combobox-group.png,file
react_examples_dialog-framer-motion.png,file
react_examples_disclosure-react-aria.png,file
react_examples_disclosure.png,file
reactivity.test.ts,file
reactivity.ts,file
readme.md,file
reasoning.react.tsx,file
redirects.js,file
reference-content.astro,file
reference-hovercard.react.tsx,file
reference-hovercards-browser.ts,file
reference-item-type.astro,file
reference-item.astro,file
reference-label.react.tsx,file
reference-tokenizer.test.ts,file
reference-tokenizer.ts,file
reference-utils.js,file
reference-utils.test.ts,file
reference.test.ts,file
reference.ts,file
refresh.tsx,file
regexp.ts,file
rehype-code-meta.ts,file
rehype-wrap-headings.ts,file
rehype.test.ts,file
rehype.ts,file
release-preview.yml,file
release.yml,file
remix.tsx,file
renovate.json,file
response.ts,file
right-click.test.ts,file
right-click.ts,file
robots.ts,file
role,dir
role-merge-props-7059,dir
role.md,file
role.ts,file
role.tsx,file
root-pathname.tsx,file
round,dir
route.ts,file
router-select.tsx,file
sandbox,dir
schemas.ts,file
scripts,dir
scroll-current-into-view.astro,file
scroll.ts,file
search-worker.ts,file
search.tsx,file
see-now.tsx,file
select,dir
select-anchor.tsx,file
select-animated,dir
select-arrow.tsx,file
select-combobox,dir
select-combobox-name-7346,dir
select-combobox-tab,dir
select-context.tsx,file
select-dismiss.tsx,file
select-grid,dir
select-group,dir
select-group-label.tsx,file
select-group.tsx,file
select-heading.tsx,file
select-item-check.tsx,file
select-item-custom,dir
select-item-selected.tsx,file
select-item.tsx,file
select-label.tsx,file
select-legacy,dir
select-list.tsx,file
select-multiple,dir
select-next-router,dir
select-option.astro,file
select-popover.tsx,file
select-provider.tsx,file
select-renderer.tsx,file
select-row.tsx,file
select-separator.tsx,file
select-store.test.ts,file
select-store.ts,file
select-tests.test-helper.ts,file
select-value.tsx,file
select.astro,file
select.md,file
select.react.test.tsx,file
select.react.tsx,file
select.test.ts,file
select.ts,file
select.tsx,file
separator,dir
separator-semantics,dir
separator.md,file
separator.ts,file
separator.tsx,file
settings.json,file
setup,dir
shared.react.tsx,file
shiki.ts,file
shims-existing-hook.test.ts,file
shims.jsdom.test.ts,file
shims.test.ts,file
shims.ts,file
sidebar-menu.astro,file
sidebar.react.tsx,file
sign-in,dir
sign-up,dir
site-icon.tsx,file
sitemap.ts,file
sleep.ts,file
small-dark.png,file
small-light.png,file
solid-separator-component-desktop-dark-chrome.webp,file
solid-separator-component-desktop-dark-firefox.webp,file
solid-separator-component-desktop-dark-safari.webp,file
solid-separator-component-desktop-light-chrome.webp,file
solid-separator-component-desktop-light-firefox.webp,file
solid-separator-component-desktop-light-safari.webp,file
solid-separator-component-mobile-dark-chrome.webp,file
solid-separator-component-mobile-dark-firefox.webp,file
solid-separator-component-mobile-dark-safari.webp,file
solid-separator-component-mobile-light-chrome.webp,file
solid-separator-component-mobile-light-firefox.webp,file
solid-separator-component-mobile-light-safari.webp,file
solid_components.png,file
solid_components_separator.png,file
source-plugin.test.ts,file
source-plugin.ts,file
source.test.ts,file
source.ts,file
spinner.tsx,file
square.react.tsx,file
square.tsx,file
src,dir
stack.tsx,file
stackblitz.dom.test.ts,file
stackblitz.ts,file
stackblitz.tsx,file
sticky-group-labels,dir
sticky.astro,file
store-6317,dir
store-6331,dir
store-init-6314,dir
store-keyed-subscriptions,dir
store.bench.ts,file
store.ts,file
string.ts,file
stripe-webhook.ts,file
stripe.ts,file
style.css,file
styles,dir
styles-json-types.ts,file
styles-shared.ts,file
styles.json,file
styles.test.ts,file
styles.ts,file
submit-button.astro,file
subscription,dir
substack.tsx,file
sun.tsx,file
supports-inert.ts,file
system.tsx,file
tab,dir
tab-4213,dir
tab-5147,dir
tab-context.tsx,file
tab-disabled,dir
tab-form-5273,dir
tab-form-named-active-element,dir
tab-list.tsx,file
tab-nested,dir
tab-next-router,dir
tab-nextjs-app-router,dir
tab-panel-5692,dir
tab-panel-6332,dir
tab-panel-animated,dir
tab-panel-scroll-restoration,dir
tab-panel.tsx,file
tab-perf,dir
tab-provider.tsx,file
tab-react-router,dir
tab-select-6346,dir
tab-store.bench.ts,file
tab-store.test.ts,file
tab-store.ts,file
tab.md,file
tab.ts,file
tab.tsx,file
table-of-contents.astro,file
table-of-contents.tsx,file
table.react.tsx,file
tabs.tsx,file
tag,dir
tag-combobox,dir
tag-context.tsx,file
tag-control.tsx,file
tag-input-6294,dir
tag-input-6333,dir
tag-input.tsx,file
tag-label.tsx,file
tag-list-6311,dir
tag-list.tsx,file
tag-provider.tsx,file
tag-remove-6330,dir
tag-remove.tsx,file
tag-store.ts,file
tag-value.tsx,file
tag-values.tsx,file
tag.react.tsx,file
tag.ts,file
tag.tsx,file
tags,dir
tags.ts,file
tailwind.config.cjs,file
tap.ts,file
team.astro,file
teams.astro,file
templates,dir
test-browser.ts,file
test-chrome-firefox.ts,file
test-chrome-js-disabled.ts,file
test-chrome-safari.ts,file
test-chrome.ts,file
test-ios.ts,file
test-mobile.ts,file
test-public-browser.ts,file
test-safari.ts,file
test-utils,dir
test.ts,file
tests,dir
theme-browser.ts,file
theme-image.tsx,file
theme.css,file
thumbnail.png,file
thumbnail.react.tsx,file
thumbnail.ts,file
timeline-anchor.astro,file
timeline-animate.astro,file
toolbar,dir
toolbar-container-focus,dir
toolbar-container.tsx,file
toolbar-context.tsx,file
toolbar-iframe-6316,dir
toolbar-input.tsx,file
toolbar-item.tsx,file
toolbar-keyboard-navigation,dir
toolbar-pre-hydration,dir
toolbar-provider.tsx,file
toolbar-select,dir
toolbar-separator-6302,dir
toolbar-separator.tsx,file
toolbar-store.ts,file
toolbar.md,file
toolbar.ts,file
toolbar.tsx,file
tooltip,dir
tooltip-4894,dir
tooltip-anchor.tsx,file
tooltip-arrow.tsx,file
tooltip-button-disabled,dir
tooltip-button.tsx,file
tooltip-context.tsx,file
tooltip-cross-anchor,dir
tooltip-framer-motion,dir
tooltip-fullscreen-portal,dir
tooltip-interactions,dir
tooltip-perf,dir
tooltip-provider.tsx,file
tooltip-store.ts,file
tooltip-variants,dir
tooltip.md,file
tooltip.react.tsx,file
tooltip.ts,file
tooltip.tsx,file
top-images,dir
trailing-images,dir
tree-cleanup.ts,file
ts-to-js-filename.ts,file
ts-to-js.ts,file
tsconfig.base.json,file
tsconfig.build.json,file
tsconfig.json,file
tsconfig.node.json,file
tsconfig.react.json,file
tsconfig.react.test.json,file
tsconfig.solid.json,file
tsconfig.solid.test.json,file
tsconfig.test.json,file
tsconfig.workerd.json,file
type.test.ts,file
type.ts,file
types.ts,file
typescript.tsx,file
undo.test.ts,file
undo.ts,file
update-link.tsx,file
updates,dir
updates.ts,file
url.test.ts,file
url.ts,file
use-controllable-state.react.ts,file
use-hide-on-interact-outside.ts,file
use-hydrated.react.ts,file
use-idle.ts,file
use-is-mobile.react.ts,file
use-media.ts,file
use-nested-dialogs.tsx,file
use-perceptible-value.ts,file
use-prevent-body-scroll.ts,file
use-previous-mouse-down-ref.ts,file
use-price.ts,file
use-root-dialog.ts,file
use-subscription.ts,file
use-updates.ts,file
users.astro,file
users.ts,file
utils,dir
utils.js,file
utils.test.ts,file
utils.ts,file
vectors.react.tsx,file
vegetables.ts,file
vercel.json,file
visual.ts,file
visual.yml,file
visually-hidden,dir
visually-hidden-accessible-name,dir
visually-hidden-focus-trap-role-6304,dir
visually-hidden.md,file
visually-hidden.ts,file
visually-hidden.tsx,file
vite.config.ts,file
vite.tsx,file
vitest.bench.config.ts,file
vitest.config.ts,file
vitest.setup.framework.ts,file
vitest.setup.react.ts,file
vitest.setup.solid.ts,file
vitest.setup.ts,file
vue.tsx,file
wait-for.ts,file
walk-tree-outside.ts,file
website,dir
when-idle.ts,file
worker.ts,file
workflows,dir
wrangler.jsonc,file
wrap-action-context.ts,file
