name,type
.github,dir
.gitignore,file
Dockerfile,file
FUNDING.yml,file
LICENSE,file
README.md,file
__init__.py,file
autorecon,dir
autorecon.py,file
bruteforce-ftp.py,file
bruteforce-http.py,file
bruteforce-rdp.py,file
bruteforce-smb.py,file
bruteforce-ssh.py,file
config.py,file
config.toml,file
curl-known-security.py,file
curl-robots.py,file
curl.py,file
default-plugins,dir
dirbuster.py,file
dirbuster.txt,file
dns-reverse-lookup.py,file
dns-zone-transfer.py,file
dnsrecon-subdomain-bruteforce.py,file
dnsrecon.py,file
enum4linux.py,file
get-arch.py,file
global.toml,file
io.py,file
ldap-search.py,file
lint_python.yml,file
lookup-sid.py,file
main.py,file
nbtscan.py,file
nikto.py,file
nmap-ajp.py,file
nmap-cassandra.py,file
nmap-cups.py,file
nmap-distccd.py,file
nmap-dns.py,file
nmap-finger.py,file
nmap-ftp.py,file
nmap-http.py,file
nmap-imap.py,file
nmap-irc.py,file
nmap-kerberos.py,file
nmap-ldap.py,file
nmap-mongodb.py,file
nmap-mountd.py,file
nmap-msrpc.py,file
nmap-mssql.py,file
nmap-multicast-dns.py,file
nmap-mysql.py,file
nmap-nfs.py,file
nmap-nntp.py,file
nmap-ntp.py,file
nmap-oracle.py,file
nmap-pop3.py,file
nmap-rdp.py,file
nmap-redis.py,file
nmap-rmi.py,file
nmap-rsync.py,file
nmap-sip.py,file
nmap-smb.py,file
nmap-smtp.py,file
nmap-snmp.py,file
nmap-ssh.py,file
nmap-telnet.py,file
nmap-tftp.py,file
nmap-vnc.py,file
onesixtyone.py,file
oracle-odat.py,file
oracle-patator.py,file
oracle-scanner.py,file
oracle-tnscmd.py,file
plugins.py,file
portscan-all-tcp-ports.py,file
portscan-guess-tcp-ports.py,file
portscan-top-100-udp-ports.py,file
portscan-top-tcp-ports.py,file
pyproject.toml,file
redirect-host-discovery.py,file
redis-cli.py,file
reporting-cherrytree.py,file
reporting-markdown.py,file
requirements.txt,file
rpcclient.py,file
rpcdump.py,file
rsync-list-files.py,file
showmount.py,file
sipvicious.py,file
smb-vuln.py,file
smbclient.py,file
smbmap.py,file
smtp-user-enum.py,file
snmpwalk.py,file
sslscan.py,file
subdomain-enumeration.py,file
targets.py,file
virtual-host-enumeration.py,file
whatweb.py,file
winrm-detection.py,file
wordlists,dir
workflows,dir
wpscan.py,file
