name,type
.ci,dir
.clang-format,file
.deploy,dir
.github,dir
.gitignore,file
.vuepress,dir
ANALYZE.md,file
AUTHORS,file
BINARY_BUILDS.md,file
BUILDING.md,file
CAME-TOP432.conf,file
CHANGELOG.md,file
CMakeLists.txt,file
CONTRIBUTING.md,file
COPYING,file
ContinentalRemote.conf,file
Curv.conf,file
DATA_FORMAT.md,file
DY-SQ100B-WaterLeak-EV1527.conf,file
Dewenwils_BHV.conf,file
Doxyfile.in,file
DrivewayAlarm_I8-W1901.conf,file
DrivewayAlert.conf,file
EV1527-4Button-Universal-Remote.conf,file
EV1527-DDS-Sgooway.conf,file
EV1527-PIR-Sgooway.conf,file
EV1527-anime_lightbox_remote.conf,file
Etekcity-ZAP-3F.conf,file
FAN-53T.conf,file
Fanimation-Fan.conf,file
FindGperftools.cmake,file
FindLibRTLSDR.cmake,file
FindLibUSB.cmake,file
GetGitRevisionDescription.cmake,file
GetGitRevisionDescription.cmake.in,file
GhostControls.conf,file
HARDWARE.md,file
HeatmiserPRT-W.conf,file
Hormann-blue.conf,file
Hosmart-HS002.conf,file
INTEGRATION.md,file
IQ_FORMATS.md,file
JCHENG-Contact.conf,file
JCHENG-PIR.conf,file
JNStar-Beam.conf,file
LINKS.md,file
LeakDetector.conf,file
Lynx-Doorbell.conf,file
Mercator.conf,file
MightyMule-FM231.conf,file
Modules,dir
MondeoRemote.conf,file
OPERATION.md,file
PHOX.conf,file
PRIMER.md,file
README.md,file
Reolink-doorbell.conf,file
SMC5326-Remote.conf,file
STARTING.md,file
SWETUP-garage-opener.conf,file
SalusRT300RF.conf,file
Skylink_HA-434TL.conf,file
Swann-Doorbell.conf,file
Thomson-doorbell.conf,file
Toolchain-aarch64-linux-gnu.cmake,file
Toolchain-arm-linux-gnueabi.cmake,file
Toolchain-arm-linux-gnueabihf.cmake,file
Toolchain-gcc-mingw-w64-i686.cmake,file
Toolchain-gcc-mingw-w64-x86-64.cmake,file
WINDOWS-MINGWW64.txt,file
WINDOWS-MSVC.txt,file
abmt.c,file
abuf.c,file
abuf.h,file
action.yml,file
actions,dir
acurite.c,file
acurite_01185m.c,file
adlm_fprf.conf,file
akhan_100F14.c,file
alecto.c,file
alps_fwb1u545.c,file
am_analyze.c,file
am_analyze.h,file
ambient_weather.c,file
ambientweather_tx8300.c,file
ambientweather_wh31e.c,file
ant_antplus.c,file
apator_metra_eitn30.c,file
apator_metra_erm30.c,file
arad_ms_meter.c,file
archos_tbh.c,file
arexx_ml.c,file
astrostart_2000.c,file
atc-technology_lmt-430.conf,file
atech_ws308.c,file
audiovox_pro_oe3b.c,file
auriol_4ld5661.c,file
auriol_aft77b2.c,file
auriol_afw2a1.c,file
auriol_ahfl.c,file
auriol_hg02832.c,file
auriol_hg04641a.c,file
badger_orion_endpoint.c,file
badger_water.c,file
baldr_hcs528arf.c,file
baldr_rain.c,file
baldr_therm.c,file
baseband-test.c,file
baseband.c,file
baseband.h,file
bit_util.c,file
bit_util.h,file
bitbuffer.c,file
bitbuffer.h,file
blueline.c,file
blyss.c,file
bm5.c,file
brennenstuhl_rcs_2044.c,file
bresser_3ch.c,file
bresser_5in1.c,file
bresser_6in1.c,file
bresser_7in1.c,file
bresser_garden.c,file
bresser_leakage.c,file
bresser_lightning.c,file
bresser_st1005h.c,file
bt_rain.c,file
build-docs.sh,file
burnhardbbq.c,file
c_util.h,file
calibeur.c,file
car_fob.conf,file
cardin.c,file
cavius.c,file
ced7000.c,file
celsia_czc1.c,file
chamberlain_cwpirc.c,file
check.yml,file
chrysler_car_remote.c,file
chuango.c,file
chungear_bcf-0019x2.conf,file
cmake,dir
cmake_uninstall.cmake.in,file
cmr113.c,file
code_alarm_car_remote.c,file
companion_wtr001.c,file
compat_paths.c,file
compat_paths.h,file
compat_pthread.h,file
compat_time.c,file
compat_time.h,file
compustar_1wg3r.c,file
conf,dir
config.js,file
confparse.c,file
confparse.h,file
continental_car_remote.c,file
cotech_36_7900.c,file
cotech_36_7959.c,file
cotech_ft0203.c,file
coverage.sh,file
ctt_life_power_hybrid.c,file
current_cost.c,file
danfoss.c,file
data-test.c,file
data.c,file
data.h,file
data_tag.c,file
data_tag.h,file
decoder.h,file
decoder_util.c,file
decoder_util.h,file
delay_timer.c,file
delay_timer.h,file
deltadore_x3d.c,file
devices,dir
dickert_mahs.c,file
digitech_xc0324.c,file
directv.c,file
dish_remote_6_3.c,file
do_sysroot.sh,file
do_tests.sh,file
docs,dir
dooya_curtain.conf,file
dsc.c,file
eberle_instat868r1.c,file
ec3k.c,file
ecodhome.c,file
ecoeye.c,file
ecowitt.c,file
efergy_e2_classic.c,file
efergy_optical.c,file
efth800.c,file
elero.c,file
elro_ab440r.conf,file
elro_db286a.c,file
elsner_solexa.c,file
elster_power_meter.c,file
elv.c,file
emax.c,file
emontx.c,file
emos_e6016.c,file
emos_e6016_rain.c,file
en2058.c,file
energy_count_3000.conf,file
enocean_erp1.c,file
ert_idm.c,file
ert_scm.c,file
esa.c,file
esic_emt7110.c,file
esperanza_ews.c,file
esun_en2053.c,file
eurochron.c,file
examples,dir
exitcode-for-output.sh,file
fan-11t.conf,file
fatal.h,file
fileformat.c,file
fileformat.h,file
fineoffset.c,file
fineoffset_wh1050.c,file
fineoffset_wh1080.c,file
fineoffset_wh31l.c,file
fineoffset_wh43.c,file
fineoffset_wh45.c,file
fineoffset_wh46.c,file
fineoffset_wh52.c,file
fineoffset_wh55.c,file
fineoffset_wn34.c,file
fineoffset_ws80.c,file
fineoffset_ws85.c,file
fineoffset_ws90.c,file
flex.c,file
florabest.c,file
flowis.c,file
fordremote.c,file
friedlandevo.conf,file
fs20.c,file
fsl_scoreboard.c,file
ft004b.c,file
funkbus.c,file
gasmate_ba1008.c,file
ge_coloreffects.c,file
ge_smartremote_plus.conf,file
geevon.c,file
geevon_tx19.c,file
gen_nightly_info.sh,file
gen_release_info.py,file
generic-doorbell-1000-3000.conf,file
generic_motion.c,file
generic_remote.c,file
generic_temperature_sensor.c,file
geo_minim.c,file
getopt,dir
getopt.c,file
getopt.h,file
gm_car_remote.c,file
govee.c,file
govee_h5059.c,file
govee_h5112.c,file
govee_h5310.c,file
gridstream.c,file
grill_thermometer.c,file
gt_tmbbq05.c,file
gt_wt_02.c,file
gt_wt_03.c,file
hamptonbay-ceilingfan.conf,file
hanwell_ml4000.c,file
hcs200.c,file
hcs361.c,file
hcs362.c,file
heatilator.conf,file
heidemann_hx_door_bell.conf,file
hideki.c,file
holman_ws5029.c,file
homelead_hg9901.c,file
hondaremote.c,file
honeywell-fan.conf,file
honeywell.c,file
honeywell_cm921.c,file
honeywell_wdb.c,file
hornbach-msrc-sal.conf,file
ht680.c,file
http-integration-test.sh,file
http-rtltcp-test.sh,file
http-stats-truncation-test.sh,file
http_server.c,file
http_server.h,file
ibis_beacon.c,file
ikea_sparsnas.c,file
include,dir
index.js,file
index.scss,file
infactory.c,file
inkbird_ith20r.c,file
inovalley-kw9015b.c,file
insteon.c,file
interlogix.c,file
intertechno.c,file
ivac_pro.conf,file
jasco.c,file
jsmn.c,file
jsmn.h,file
kedsum.c,file
kerui.c,file
kidde_smoke.c,file
klimalogg.c,file
lacrosse.c,file
lacrosse_breezepro.c,file
lacrosse_r1.c,file
lacrosse_th3.c,file
lacrosse_tx141x.c,file
lacrosse_tx22uit.c,file
lacrosse_tx31u.c,file
lacrosse_tx34.c,file
lacrosse_tx35.c,file
lacrosse_wr1.c,file
lacrosse_ws6868.c,file
lacrosse_ws7000.c,file
lacrossews.c,file
led-light-remote.conf,file
lightwave_rf.c,file
list.c,file
list.h,file
logger.c,file
logger.h,file
m_bus.c,file
maintainer_update.py,file
man,dir
man1,dir
markisol.c,file
marlec_solar.c,file
martec_mplcd.c,file
maverick_et73.c,file
maverick_et73x.c,file
maverick_xr30.c,file
maverick_xr50.c,file
mcpower_kinetic.c,file
mebus.c,file
megacode.c,file
mic6sc2_car_remote.c,file
microtar.c,file
microtar.h,file
missil_ml0757.c,file
mongoose.c,file
mongoose.h,file
mongoose_bool.patch,file
mongoose_broadcast.patch,file
mongoose_ipv6.patch,file
mongoose_lenchk.patch,file
mongoose_libressl.patch,file
mongoose_msvcdbg.patch,file
mongoose_pedantic.patch,file
mongoose_sigpipe.patch,file
mongoose_warn.patch,file
mqtt_filter.py,file
mqtt_rtl_433_test_client.py,file
mueller_hotrod.c,file
neptune_r900.c,file
netatmo_thw.c,file
new_template.c,file
newkaku.c,file
nexa.c,file
nexus.c,file
nice_flor_s.c,file
nidec_car_remote.c,file
norgo.c,file
nutek_car_remote.conf,file
oil_smart.c,file
oil_standard.c,file
oil_watchman.c,file
oil_watchman_advanced.c,file
oma-blind-remote.conf,file
omni.c,file
opel_mokka.c,file
open_rtl433.py,file
optparse.c,file
optparse.h,file
opus_xt300.c,file
oregon_scientific.c,file
oregon_scientific_sl109h.c,file
oregon_scientific_v1.c,file
oregon_scientific_wmr500.c,file
oria_wa150km.c,file
output_file.c,file
output_file.h,file
output_influx.c,file
output_influx.h,file
output_log.c,file
output_log.h,file
output_mqtt.c,file
output_mqtt.h,file
output_rtltcp.c,file
output_rtltcp.h,file
output_trigger.c,file
output_trigger.h,file
output_udp.c,file
output_udp.h,file
package.json,file
philips_aj3650.c,file
philips_aj7010.c,file
pir-ef4.conf,file
proflame2.c,file
prologue.c,file
proove.c,file
pulse-eval.c,file
pulse_analyzer.c,file
pulse_analyzer.h,file
pulse_data.c,file
pulse_data.h,file
pulse_detect.c,file
pulse_detect.h,file
pulse_detect_fsk.c,file
pulse_detect_fsk.h,file
pulse_slicer.c,file
pulse_slicer.h,file
quhwa.c,file
quinetic.c,file
quinetic_switch.conf,file
qx-30x.conf,file
r_api.c,file
r_api.h,file
r_device.h,file
r_flow.c,file
r_flow.h,file
r_private.h,file
r_util.c,file
r_util.h,file
r_version.c,file
r_version.h,file
radiohead_ask.c,file
rainpoint.c,file
rainpoint_hcs012arf.c,file
rako_wireless_lighting.conf,file
raw_output.c,file
raw_output.h,file
regency_fan.c,file
release.yml,file
restaurant_pager.conf,file
revolt_nc5462.c,file
revolt_zx7717.c,file
rfm69_lowpowerlab_moteino.c,file
rfraw.c,file
rfraw.h,file
rftech.c,file
rfxmeter.c,file
risco_868.conf,file
risco_agility.c,file
rojaflex.c,file
rolleaseacmedia.conf,file
rosstech_dcu706.c,file
rtl433.pc.in,file
rtl_433.1,file
rtl_433.c,file
rtl_433.example.conf,file
rtl_433.h,file
rtl_433_collectd_pipe.py,file
rtl_433_custom.php,file
rtl_433_custom.py,file
rtl_433_devices.h,file
rtl_433_gps.py,file
rtl_433_graphite_relay.py,file
rtl_433_http_cmd.py,file
rtl_433_http_cmd.sh,file
rtl_433_http_events.py,file
rtl_433_http_stream.php,file
rtl_433_http_stream.py,file
rtl_433_http_ws.py,file
rtl_433_influxdb_relay.py,file
rtl_433_json_to_rtlwmbus.py,file
rtl_433_mqtt_hass.py,file
rtl_433_mqtt_relay.py,file
rtl_433_prometheus_relay.py,file
rtl_433_rrd_relay.py,file
rtl_433_statsd_pipe.py,file
rtl_433_statsd_relay.py,file
rtl_tcp_serve.py,file
rubicson.c,file
rubicson_48659.c,file
rubicson_pool_48942.c,file
s3318p.c,file
sainlogic_sa8.c,file
samp_grab.c,file
samp_grab.h,file
schou_72543_rain.c,file
schraeder.c,file
scmplus.c,file
screenshot.png,file
scripts,dir
sdr.c,file
sdr.h,file
secplus_v1.c,file
secplus_v2.c,file
sharp_spc775.c,file
shenzhen_wale_wl_th6r.c,file
siemens_5wy72xx.c,file
sigmf.c,file
sigmf.h,file
silver_spring_mesh.c,file
silvercrest.c,file
silverline_doorbell.conf,file
simplisafe.c,file
simplisafe_gen3.c,file
smoke_gs558.c,file
solight_te44.c,file
somfy_iohc.c,file
somfy_rts.c,file
sonoff_rm433.conf,file
springfield.c,file
src,dir
srsmith_pool_srs_2c_tx.c,file
steelmate.c,file
steffen_switch.conf,file
string_expand.c,file
string_expand.h,file
style-check,dir
style-check.c,file
styles,dir
symbolizer.py,file
telldus_ft0385r.c,file
term_ctl.c,file
term_ctl.h,file
tesla_charge-port-opener.conf,file
tests,dir
tfa_14_1504_v2.c,file
tfa_30_3196.c,file
tfa_30_3221.c,file
tfa_30_3307.c,file
tfa_30_390x.c,file
tfa_drop_30.3233.c,file
tfa_marbella.c,file
tfa_pool_thermometer.c,file
tfa_twin_plus_30.3049.c,file
thermopro_tp11.c,file
thermopro_tp12.c,file
thermopro_tp211b.c,file
thermopro_tp28b.c,file
thermopro_tp82xb.c,file
thermopro_tp86xb.c,file
thermopro_tx2.c,file
thermopro_tx2c.c,file
thermopro_tx7b.c,file
thermor.c,file
thermor_a6n_132tx.c,file
tpms_abarth124.c,file
tpms_airpuxem.c,file
tpms_ave.c,file
tpms_bmw.c,file
tpms_bmw_g3.c,file
tpms_citroen.c,file
tpms_eezrv.c,file
tpms_elantra2012.c,file
tpms_ford.c,file
tpms_gear_hive.c,file
tpms_gm.c,file
tpms_honda.c,file
tpms_hyundai_vdo.c,file
tpms_imars_t240.c,file
tpms_jansite.c,file
tpms_jansite_solar.c,file
tpms_jansite_ty468.c,file
tpms_jansite_ty588.c,file
tpms_jeep.c,file
tpms_kia.c,file
tpms_mercedes_benz.c,file
tpms_nissan.c,file
tpms_pmv107j.c,file
tpms_porsche.c,file
tpms_renault.c,file
tpms_renault_0435r.c,file
tpms_schrader_motorcycle.c,file
tpms_sefis_m3.c,file
tpms_smartire.c,file
tpms_toyota.c,file
tpms_truck.c,file
tpms_trw.c,file
tpms_tyreguard400.c,file
tr_502msv.c,file
ts_ft002.c,file
ttx201.c,file
twogig_key2e.c,file
typhur_sync_gold.c,file
tyreguard400.conf,file
universalfanctrl.c,file
vaillant_vrt340f.c,file
valeo_car_key.conf,file
vauno_en8822c.c,file
verisure_alarm.conf,file
version.h.in,file
vevor_7in1.c,file
visonic_powercode.c,file
vivint.c,file
wallarge_cltx001.c,file
watchman_plus.c,file
watts_thermostat.c,file
watts_vision.c,file
watts_wfht_rf.c,file
waveman.c,file
wec2103.c,file
wen_3410.conf,file
wg_pb12v1.c,file
workflows,dir
write_sigrok.c,file
write_sigrok.h,file
ws-probe.py,file
ws2032.c,file
wssensor.c,file
wt0124.c,file
wt450.c,file
x10_rf.c,file
x10_sec.c,file
xmas-tree-remote-2APJZ-CW002.conf,file
yale_hsa.c,file
