name,type
.github,dir
CODE_OF_CONDUCT.md,file
CONTRIBUTING.md,file
ISSUE_TEMPLATE,dir
LANGUAGE.ts,file
SOURCE_CODE.md,file
bug_report.md,file
changelog.md,file
feature_request.md,file
question.md,file
readme.md,file
