name,type
.DS_Store,file
.babelrc,file
.deployment,file
.donotremoveme,file
.env,file
.gitignore,file
.vscode,dir
.vsts.linux.yml,file
.vsts.mac.yml,file
.vsts.windows.yml,file
05495118-dcee-4e4e-bee1-b6823096e2b7.png,file
094573f5-917f-4350-b8b5-3c828c834b57.png,file
0bb2725b-88b4-4734-98f1-3d7d860434e9.png,file
0e883baf-e153-4a42-8e0c-f8cde7c179c3.png,file
0f5761f9-a85c-4b7f-949a-189ab7cf853e.png,file
104-10013-10234.pdf,file
125ccd38-5f68-48c0-b060-8fb08dca2eca.png,file
12ca11b1-9d0b-475b-96c4-ce30aeb496ec.png,file
13b9f109-f532-471a-8f39-f19eef551919.png,file
16483b6e-47fe-4e9c-b78c-7f0ba4fef80c.png,file
17d8a6bc-7322-40e8-a9b4-65930d9c7fef.png,file
1803be9d-936c-4429-9301-2a0aaaffbb46.png,file
1b080c62-85d1-4222-9601-c4eec8b2cff8.png,file
1b1f4c8c-92a7-4000-8f07-471d6f8016b1.png,file
1c111a83-6f50-4c61-8dc4-d2f672049f80.png,file
1f6dce1a-bbe1-4fff-971a-79ebeaa99c1a.png,file
1f9739ba-e178-4e15-add5-9b21ca8dc85d.png,file
1f9e8765-44db-4303-b12a-d6b30c9cc5f9.png,file
2156be4b-6d9b-461b-98ed-1ca46f07b453.png,file
22b40473-2892-4ab9-96be-9aee12ffd17a.png,file
236b436f-ce60-4a25-8e81-3603552536e3.png,file
2451e8de-9c13-40ab-ba9d-3141d9d2fdec.png,file
2469da39-65f0-428b-a1de-cedbba7db32e.png,file
261d5124-d34b-49e2-89bf-105028836be8.png,file
26246a48-79ca-41d2-b578-5bd82ed14d05.png,file
26a69d17-f61d-4edf-a993-fa5610d5bd0b.png,file
2c70e243-010a-492c-b55e-6131c7211328.png,file
30f5f8e2-47c5-4977-933c-e005cc275663.png,file
319257ad-eb80-46a6-86ca-6984c5883a46.png,file
382a6051-21e3-4314-9337-a039579e8d3c.png,file
3892666c-c7c7-4b69-9000-9f050d2ca7fb.png,file
39f28af1-a6d1-4620-9d9d-840450a1e6a2.png,file
3c0e378f-434b-451b-a88a-99fac1e8d4ee.png,file
3cf4d5e6-cede-4272-aec0-f29790add91a.png,file
3da7a00f-f912-41df-b9bd-0d469bad53a4.png,file
3e6baa71-dc1e-4ec8-8a3f-a4349e6cbf1a.png,file
41bd3b56-732a-4a13-a23a-1619dd33f216.png,file
431bea08-f917-46c5-97b7-78766ee34ab5.png,file
48002818-9e4b-486c-96cf-db1052cda8b7.png,file
4e16d9d6-be4b-46f5-99e1-8d144b11ecde.png,file
4fd5c47c-c546-4ee4-a53e-ffe34deed54e.png,file
4ffbe90a-7888-4dd3-9e5c-7565fa1b4847.png,file
4ffebf6a-a75b-4361-81f8-95b08fee802b.png,file
504bd55e-069d-4a18-b535-da3ca2d45f56.png,file
52840896-0073-4c1f-9aca-bbd87c17eac9.png,file
54c3f644-5aba-4ee1-9eaa-bf73e3285c06.png,file
54f95c56-6e1e-42b9-b0ee-2f9de7134c6e.png,file
552147ca-3b14-44ed-8de7-4638f1598c92.png,file
5679fe0e-d661-4f54-b664-19f87d31a090.png,file
57ace871-49e6-40be-8841-dd460a7ceb1a.png,file
5bc04e44-1903-40b3-a782-79035dcec16d.png,file
5c696efc-7f6e-4bf3-9b7f-8cd952df3bfa.png,file
603eb545-1b3c-4e44-8d46-80c452d4fe3d.png,file
6209fb2c-ec39-4f8e-b86b-075cc181a81c.png,file
64090cc3-7882-419b-b22b-3b6f51fd5115.png,file
6450fc7c-cd20-4f5d-a41d-c23bba871984.png,file
6475faaf-d427-4a61-a28d-aa781d5bdc91.png,file
653aa448-284d-4664-b993-734097595667.png,file
68bea336-2616-431e-9321-99a8abe47e64.png,file
6913aa55-d647-4efc-a1ed-80d790618aa8.png,file
6ab50c05-57cd-4e86-a601-c1524c509475.png,file
6bec6664-a131-4e83-ae7d-afa331892d7c.png,file
6c993a8f-a251-415b-af5d-1781980d47f5.png,file
6e9ac9b9-b034-49e5-8aac-911b7a482dfd.png,file
6fb86772-9bee-49c9-b9ea-c6e99e05af31.png,file
722b8c8f-7975-4fc7-abde-b27b3bd37883.png,file
7273531e-1908-475a-96b3-5c1776d10c5a.png,file
76f51eb5-afd2-4e83-82c0-a105b10dc6f1.png,file
770c6fbf-1046-4de3-a892-c1d53a9209ae.png,file
778ff65f-b1de-4f58-b2ca-cf9fb3d02e96.png,file
782ebd0a-b6bd-4607-a109-4beca493c694.png,file
79f7dc11-4a61-4856-ab94-c1f64fdcc6d7.png,file
7f288e89-a0fb-4f69-b6e8-458faae5915f.png,file
7f7bf1e5-2f17-4316-ac56-448d99afb35f.png,file
808d5476-08eb-4b03-8997-6d16d1e2a32b.png,file
80ce0ae6-9f89-429b-b2da-ae1b25e45acb.png,file
852e678f-afc5-43bd-a9fb-18f32275740b.png,file
85c935d2-a69a-4d58-907b-22cf24a53fd5.png,file
87fb3dd7-8551-41f3-bcb1-da87ddeccf6e.png,file
890c905a-8da1-4a68-b1f9-b57babf1d1bf.png,file
8935c4a2-f513-45b8-8cb4-cdcae568912d.png,file
8ae99b35-2354-4f8b-ade0-9fd98f09f4fe.png,file
8bfdbd32-32ad-4b48-8db5-41671fc15d2b.png,file
8c7ccc76-83a9-4dde-8be3-84895b387230.png,file
8cea0797-e148-4eff-be0a-08bd8dad494a.png,file
8d7dfde9-323b-42b8-ae30-8665233cc870.png,file
8ded829b-7f25-4cd7-8d40-c1d3100d755d.png,file
8e594bc4-1057-4c65-b1e7-7f6c3effe522.png,file
8fd6acaf-cace-47c5-84bc-937773d65a55.png,file
938936cd-9222-4a2a-a46a-cbb9e25d232c.png,file
94b81e83-315e-41d6-ad36-17ba9a565070.png,file
95e8e4eb-51ba-4193-8d2e-10ccda0547a7.png,file
96822e44-dbbd-4d6c-9a81-5419f519ac22.png,file
96b1c403-5923-47cb-8bd8-99b20e12620a.png,file
98e674be-e53f-4fad-880d-a97eca09d16f.png,file
995d99ba-02a3-42ed-9841-fa7b7a6e967c.png,file
999aa799-f234-4a6e-9c76-b6e98b031c5e.png,file
9bf34aeb-8b91-4061-b67e-cc08a3c7d177.png,file
9d9f477c-0060-48d0-bde2-2f4cbf16d93d.png,file
9e4b1496-e1cf-4bcc-9171-34e1fbbef25f.png,file
9e699db6-adf6-42ea-a833-1a4e5633f029.png,file
9f638ca2-de14-47dd-9f81-c697e849c3c5.png,file
AI Lab.png,file
AI Labs - Azure Search.postman_collection,file
AI Labs - Azure Search.postman_environment.json,file
AIComponents,dir
AILogic,dir
AIManager.cs,file
AIModels,dir
AIPanelViewModel.cs,file
AIServices,dir
AISideNavigation.xaml,file
AISideNavigation.xaml.cs,file
AITests.cs,file
AIViewModels,dir
APIKeys.cs,file
APIServicesTests.cs,file
AcetateLayer.xaml,file
AcetateLayer.xaml.cs,file
AcetateLayerInkCanvas.cs,file
ActionNames.cs,file
ActionRibbon.xaml,file
ActionRibbon.xaml.cs,file
Actions-Project.png,file
Actions-Settings.png,file
Activity.js,file
ActivityView.d.ts,file
ActivityView.js,file
ActivityView.js.map,file
AdapterWithErrorHandler.cs,file
AdaptiveCardContainer.d.ts,file
AdaptiveCardContainer.js,file
AdaptiveCardContainer.js.map,file
AiHandleErrorAttribute.cs,file
AnimationUtilities.cs,file
App,dir
App.config,file
App.d.ts,file
App.js,file
App.js.map,file
App.xaml,file
App.xaml.cs,file
AppController.cs,file
AppDiagnosticsLogger.cs,file
AppManager.cs,file
AppUsageLogger.cs,file
App_Data,dir
App_Start,dir
Application Insights,dir
ApplicationInsights.config,file
ApplicationLogger.cs,file
ApplicationTests.cs,file
AreaSelection.cs,file
AriBorderedIconLabelButton.cs,file
AriButtonBase.cs,file
AriCircleIconButton.cs,file
AriDialogButton.cs,file
AriEraseRadiobutton.cs,file
AriFirstRunCard.cs,file
AriIcon.cs,file
AriIconLabel.cs,file
AriIconLabelButton.cs,file
AriIconLabelMenuItem.cs,file
AriIconLabelToggleButton.cs,file
AriIconSmallButton.cs,file
AriInkRadioButton.cs,file
AriLinkButton.cs,file
AriMenuItemBase.cs,file
AriModernWindow.cs,file
AriProgressBar.cs,file
AriRadioButtonBase.cs,file
AriRectangleIconButton.cs,file
AriSuperTip.cs,file
AriToggleButtonBase.cs,file
AriToggleSwitch.cs,file
Ariadne,dir
AriadneStyles.xaml,file
AssemblyInfo.cs,file
Attachment.d.ts,file
Attachment.js,file
Attachment.js.map,file
AudioResponse.cs,file
AudioUtils.cs,file
Azure-AdvancedTools.png,file
Azure-AppService.png,file
Azure-AppSettings.png,file
Azure-Kudu.png,file
Azure.settings.es.md,file
Azure.settings.md,file
AzureAuthToken.cs,file
AzureAuthenticationService.cs,file
AzureSearch,dir
BaseController.cs,file
BaseDynamicDisplay.cs,file
BaseViewModel.cs,file
BasicCardMapper.js,file
BotBuilder.ruleset,file
BotChat.d.ts,file
BotChat.js,file
BotChat.js.map,file
BotChatWithPolyfill.d.ts,file
BotConstants.cs,file
BotController.cs,file
BotUsingCards,dir
BoxGeometry,dir
BuildAnIntelligentBot,dir
CairoHelpers.cs,file
CancelationHelper.cs,file
Canvas.cs,file
CanvasDrawingArea.cs,file
CanvasRenderer.cs,file
CapturedImage.xaml,file
CapturedImage.xaml.cs,file
CardBuilder.d.ts,file
CardBuilder.js,file
CardBuilder.js.map,file
CardsBot.cs,file
CardsBot.csproj,file
CardsBotAccessors.cs,file
Carousel.d.ts,file
Carousel.js,file
Carousel.js.map,file
CarouselCardMapper.js,file
CarrouselTest.html,file
Celebrities,dir
CelebritiesAndLandmarksViewModel.cs,file
CelebritiesView.xaml,file
CelebritiesView.xaml.cs,file
CelebritiesViewModel.cs,file
CelebritiesViewModelTests.cs,file
CelebrityModel.cs,file
CelebrityRecognitionControl.xaml,file
CelebrityRecognitionControl.xaml.cs,file
Chat.d.ts,file
Chat.js,file
Chat.js.map,file
ChatBot,dir
ChatBot.csproj,file
CheckBoxControl.xaml,file
CheckBoxControl.xaml.cs,file
ClipboardHelper.cs,file
ClipboardManager.cs,file
ClipboardUtils,dir
Close.png,file
CloudService.cs,file
CognitiveServices,dir
CognitiveServices.js,file
CognitiveServices.js.map,file
ColorPicker.xaml,file
ColorPicker.xaml.cs,file
ColorPickerViewModel.cs,file
Colors.xaml,file
Colors.xaml.cs,file
ComboBoxStyles.xaml,file
Common,dir
Config.cs,file
ConfigurationCredentialProvider.cs,file
Connected Services,dir
ConnectedService.json,file
Constants.cs,file
Content,dir
ContentModerationHandler.cs,file
ContentModerationModel.cs,file
ContentViewModel.cs,file
ControlTemplates.xaml,file
ControlTemplates.xaml.cs,file
ControlTreeEnumerator.cs,file
ControllerHelper.cs,file
Controllers,dir
Controls,dir
Controls.cs,file
ConversationWrapper.js,file
Conversion,dir
Converters,dir
Copy.png,file
Crosshair.png,file
CryptonymLinker,dir
CryptonymLinker.cs,file
CustomButtonRenderer.cs,file
CustomVisionClient.cs,file
CustomVisionManager.cs,file
DEBIAN,dir
DebugConverter.cs,file
DelegateCommand.cs,file
Delete.png,file
DemoBot,dir
DemoBot.sln,file
DependencyPropertyUtilities.cs,file
Deploy,dir
DeploymentScripts,dir
Details.cshtml,file
Details.html,file
Details_old.cshtml,file
Dev,dir
DeveloperSettingsPage.xaml,file
DeveloperSettingsPage.xaml.cs,file
DeveloperSettingsViewModel.cs,file
Diagnostics.cs,file
Dialogs,dir
DirectLineManager.js,file
DirectLineToActionsOnGoogleLib,dir
DirectLineToActionsOnGoogleLib.njsproj,file
DirectLineWrapper.js,file
Directory.Build.props,file
Dockerfile,file
DownloadFileTest.cs,file
DpiAwareWindow.cs,file
DpiScale.cs,file
DpiScalor.cs,file
DpiUtilities.cs,file
DrawedPath.cs,file
Drawing,dir
DrawingModes.cs,file
EchoBot.cs,file
EchoBot.ruleset,file
EchoBotAccessors.cs,file
EditorSideNavigation.xaml,file
EditorSideNavigation.xaml.cs,file
EditorWindowTourPanel.xaml,file
EditorWindowTourPanel.xaml.cs,file
Email,dir
EmailManager.cs,file
EmptyState.xaml,file
EmptyState.xaml.cs,file
Entities,dir
Entity.cs,file
EntitySearchHandler.cs,file
EntitySearchModel.cs,file
Eraser.png,file
EraserAll.png,file
Error,dir
ErrorController.cs,file
ErrorHandler,dir
EventName.cs,file
ExtendedFlexLayout.cs,file
Extensions,dir
FacetGraphGenerator.cs,file
Features,dir
FileButton.cs,file
FileButtonAction.cs,file
FileButtonRenderer.cs,file
FileChooserService.cs,file
FilterConfig.cs,file
FirstRunImages.xaml,file
FirstRunWindow.xaml,file
FirstRunWindow.xaml.cs,file
FontStyles.xaml,file
FontStyles.xaml.cs,file
FormatStringConverter.cs,file
FormattedText.d.ts,file
FormattedText.js,file
FormattedText.js.map,file
GeneralSettingsPage.xaml,file
GeneralSettingsPage.xaml.cs,file
GeneralSettingsViewModel.cs,file
GeneratePackage.ps1,file
GeneratePackage.sh,file
GeneratedHtmlModel.cs,file
Geometry.cs,file
Global.asax,file
Global.asax.cs,file
GlobalStyles.xaml,file
GlobalStyles.xaml.cs,file
GoTo.png,file
GoogleAction,dir
GoogleActionDeploy.cmd,file
GoogleAssistant,dir
GoogleAssistantConnector,dir
GoogleAssistantProxy,dir
GoogleAssistantProxy.njsproj,file
GoogleAssistantProxy.sln,file
GoogleAssistantProxyLocalTest.cmd,file
GroupBox.cs,file
GroupBox.cshtml,file
Grouping.cs,file
HScroll.d.ts,file
HScroll.js,file
HScroll.js.map,file
HandWrittenModel.cs,file
HandWrittenTextHandler.cs,file
Harry_Potter.jpg,file
Helpers,dir
HideableFormsWindow.cs,file
HideableViewModel.cs,file
HighContrastHelper.cs,file
HighContrastMode.cs,file
History.d.ts,file
History.js,file
History.js.map,file
HocrDocument.cs,file
HocrGenerator,dir
Home,dir
HomePage.xaml,file
HomePage.xaml.cs,file
HomeViewModel.cs,file
HotKey.cs,file
IAriControl.cs,file
ICollectionExtensions.cs,file
IDownloadImageService.cs,file
IDrawingActions.cs,file
IEntitySearchService.cs,file
IFileChooserService.cs,file
IHandWritingResultService.cs,file
IHasData.cs,file
IHideable.cs,file
IIconLabelControl.cs,file
IImageAnalysisService.cs,file
IImageCaptureManager.cs,file
IImageSearchService.cs,file
ILUISService.cs,file
ILibraryService.cs,file
ILoadable.cs,file
ILoadableWithData.cs,file
IOCRTextService.cs,file
IOHelper.cs,file
IObjectDetectionAppService.cs,file
ISettingsService.cs,file
IShyControl.cs,file
ISimilarProductsService.cs,file
ITranslatorService.cs,file
IUIActionAware.cs,file
Icons,dir
Icons.xaml,file
ImageAnalysisHandler.cs,file
ImageAnalysisModel.cs,file
ImageAnalysisResult.cs,file
ImageAnalysisViewModel.cs,file
ImageBlank.jpg,file
ImageCapture,dir
ImageCaptureCursor.cs,file
ImageCaptureManager.cs,file
ImageCaptureWindow.xaml,file
ImageCaptureWindow.xaml.cs,file
ImageDynamicDisplay.cs,file
ImageHelper.cs,file
ImageLoader.cs,file
ImageModel.cs,file
ImageSearch,dir
ImageSearchControl.xaml,file
ImageSearchControl.xaml.cs,file
ImageSearchHandler.cs,file
ImageSearchItemTemplate.xaml,file
ImageSearchItemTemplate.xaml.cs,file
ImageSearchModel.cs,file
ImageSearchModelContainer.cs,file
ImageSearchModelList.cs,file
ImageSearchTests.cs,file
ImageSearchView.xaml,file
ImageSearchView.xaml.cs,file
ImageSearchViewModel.cs,file
ImageStore,dir
ImageStore.cs,file
ImageUtils.cs,file
Images,dir
Index.cshtml,file
Index.html,file
IndexCarrousel.html,file
Ink,dir
InkCursor.cur,file
Insights,dir
InsightsPage.xaml,file
InsightsPage.xaml.cs,file
InsightsPermissions.xaml,file
InsightsPermissions.xaml.cs,file
InsightsPermissionsViewModel.cs,file
InsightsViewModel.cs,file
Installers,dir
Instruction.js,file
InstructionBuilder.js,file
InstructionManager.js,file
Intent.cs,file
Interfaces,dir
ItemView.xaml,file
ItemView.xaml.cs,file
JFKFiles,dir
JfkInitializer,dir
JfkInitializer.csproj,file
JfkWebAPISkills.cs,file
JfkWebApiSkills,dir
JfkWebApiSkills.csproj,file
JfkWebApiSkills.sln,file
KeyCombo.cs,file
KeyComboPicker.xaml,file
KeyComboPicker.xaml.cs,file
Konsole.d.ts,file
Konsole.js,file
Konsole.js.map,file
LICENSE,file
LUISInsights.cs,file
LUISModel.cs,file
LandmarkModel.cs,file
LandmarkRecognitionControl.xaml,file
LandmarkRecognitionControl.xaml.cs,file
LandmarkView.xaml,file
LandmarkView.xaml.cs,file
Landmarks,dir
LandmarksViewModel.cs,file
Layout,dir
LayoutController.cs,file
LayoutUtilities.cs,file
Library,dir
Library.png,file
LibraryPage.xaml,file
LibraryPage.xaml.cs,file
LibraryPanel.xaml,file
LibraryPanel.xaml.cs,file
LibraryService.cs,file
LibraryViewModel.cs,file
Line.cs,file
LineWritten.cs,file
Linux,dir
ListCardMapper.js,file
Loader1.cshtml,file
Loader2.cshtml,file
LoadingAnimation.xaml,file
LoadingAnimation.xaml.cs,file
Local,dir
Localization,dir
LocalizeExtension.cs,file
LogUploader.cs,file
Logo.png,file
Logo64.png,file
Mac,dir
MacOSScreenshotHelpers.cs,file
Machine-Calibration,dir
MachineTeaching,dir
MainWindow.xaml,file
MainWindow.xaml.cs,file
Management,dir
Maqueta,dir
Marker.png,file
MediaCardMapper.js,file
MessagePane.d.ts,file
MessagePane.js,file
MessagePane.js.map,file
Messages.cs,file
MessagesManager.js,file
Messenger.cs,file
Middlewares,dir
Models,dir
Motion-Control,dir
MySettings.cs,file
NativeMethods.cs,file
NewsControls.xaml,file
NewsControls.xaml.cs,file
NewsHandler.cs,file
NewsModel.cs,file
NotConverter.cs,file
NotificationWindow.xaml,file
NotificationWindow.xaml.cs,file
NuGet.config,file
NullToVisibilityConverter.cs,file
OCR,dir
OCRControl.xaml,file
OCRControl.xaml.cs,file
OCRView.xaml,file
OCRView.xaml.cs,file
OCRViewModel.cs,file
ObjectDetection.cs,file
ObjectDetectionAppService.cs,file
ObjectDetector.cs,file
OcrImageMetadata.cs,file
OcrLayoutText.cs,file
OneNoteManager.cs,file
Overlap.cs,file
Package,dir
PackageData.cs,file
PaneButton.cs,file
PanelName.cs,file
Pencil.png,file
PersonalityChatMiddleware.cs,file
PictureConverter.cs,file
Pix2Story,dir
Play_360x200.png,file
PopupWindow.cs,file
PredictedObject.cs,file
PredictionDetail.cs,file
PredictionDetailsViewModel.cs,file
PredictionViewModel.cs,file
PrintedModel.cs,file
PrintedTextHandler.cs,file
ProcessDpiAwareness.cs,file
ProductDynamicDisplay.cs,file
ProductItemTemplate.xaml,file
ProductItemTemplate.xaml.cs,file
ProductMetadata.cs,file
ProductModel.cs,file
ProductOffer.cs,file
ProductOfferToCurrencyConverter.cs,file
ProductRating.cs,file
ProductSearchControl.xaml,file
ProductSearchControl.xaml.cs,file
ProductSearchHandler.cs,file
ProductSearchModel.cs,file
ProductSearchModelList.cs,file
ProductSearchViewModel.cs,file
Products,dir
Program.cs,file
ProgressControl.xaml,file
ProgressControl.xaml.cs,file
ProjectionRuler.cs,file
Properties,dir
PropertyName.cs,file
PropertyValue.cs,file
Prueba.cshtml,file
Prueba1.cshtml,file
Prueba2.cshtml,file
Prueba3.cshtml,file
README.es-ES.md,file
README.es-es.md,file
README.fr-FR.md,file
README.hi-Hi.md,file
README.md,file
RawGroupBox.cshtml,file
RawGroupBox2.cshtml,file
RawNewsModel.cs,file
RecognitionResult.cs,file
RectangleConverter.cs,file
Redo.png,file
Region.cs,file
RegistrySettings.cs,file
RelayCommand.cs,file
Renderers,dir
ReservationData.cs,file
ReservationDialog.cs,file
Resolution.cs,file
ResourceDictionaries,dir
Resources,dir
Resources.Designer.cs,file
Resources.resx,file
RetryHelper.cs,file
RibbonButton.cs,file
RibbonComboBox.cs,file
RibbonComboBoxItem.cs,file
RibbonGroupPanel.cs,file
RibbonSeparator.cs,file
RibbonToggleButton.cs,file
RichMessageLimitationsManager.js,file
RouteConfig.cs,file
S2C_Homepage-Carousel.gif,file
Save.png,file
ScreenCapture.cs,file
ScreenProperties.cs,file
ScreenshotHelpers.cs,file
ScreenshotImage.cs,file
Scripts,dir
SearchClientHelper.cs,file
Searching.png,file
Section.cs,file
SectionEnum.cs,file
SelectorMenu,dir
SelectorMenuWindow.cs,file
SendTo,dir
Services,dir
Settings,dir
Settings.Designer.cs,file
Settings.StyleCop,file
Settings.cs,file
Settings.png,file
Settings.settings,file
SettingsPage.xaml,file
SettingsPage.xaml.cs,file
SettingsPanel.xaml,file
SettingsPanel.xaml.cs,file
SettingsService.cs,file
SettingsViewModel.cs,file
Share.png,file
Shared,dir
Shell.d.ts,file
Shell.js,file
Shell.js.map,file
SimilarProductsModel.cs,file
SimilarProductsTests.cs,file
SimilarProductsView.xaml,file
SimilarProductsView.xaml.cs,file
SimilarProductsViewModel.cs,file
Site.css,file
Sizes.xaml,file
Sizes.xaml.cs,file
Sketch2Code,dir
Sketch2Code.AI,dir
Sketch2Code.AI.csproj,file
Sketch2Code.Api,dir
Sketch2Code.Api.csproj,file
Sketch2Code.Core,dir
Sketch2Code.Core.csproj,file
Sketch2Code.Tests,dir
Sketch2Code.Tests.csproj,file
Sketch2Code.Web,dir
Sketch2Code.Web.csproj,file
Sketch2Code.sln,file
Sketech2CODE.gif,file
SliceSection.cs,file
Smart-Building,dir
SmartBoundaryDetection.cs,file
Snip-Insights,dir
SnipInsight,dir
SnipInsight.Forms,dir
SnipInsight.Forms.GTK,dir
SnipInsight.Forms.GTK.MacOS.csproj,file
SnipInsight.Forms.GTK.csproj,file
SnipInsight.Forms.GTK.projitems,file
SnipInsight.Forms.Tests,dir
SnipInsight.Forms.Tests.csproj,file
SnipInsight.Forms.csproj,file
SnipInsight.csproj,file
SnipInsightLink.cs,file
SnipInsightLinkTimeSorter.cs,file
SnipInsightState.cs,file
SnipInsightTrigger.cs,file
SnipInsightViewModel.cs,file
SnipInsights,dir
SnipInsights.GTK.MacOS.sln,file
SnipInsights.GTK.sln,file
SnipInsights.WPF.sln,file
SnipInsights.desktop,file
SnipInsights.ico,file
SnipInsightsManager.cs,file
SnipInsightsTrayIcon.cs,file
SnipInsights_Content_Image.jpg,file
SnipInsights_Homepage-Carousel_580x326_V2b.gif,file
SnipStyles.xaml,file
SnipTemplates.xaml,file
Snipping,dir
SnippingArea.cs,file
SnippingWindow.cs,file
SpeechModule.d.ts,file
SpeechModule.js,file
SpeechModule.js.map,file
SpeechOptions.d.ts,file
SpeechOptions.js,file
SpeechOptions.js.map,file
SpeechRecognition.d.ts,file
SpeechSynthesis.d.ts,file
Startup.cs,file
StateMachine,dir
StateMachine.cs,file
StateMachineEnableConverter.cs,file
StateMachineExtensions.cs,file
StateMachineVisibilityConverter.cs,file
Step2.cshtml,file
Step2.html,file
Step3.cshtml,file
Step3.html,file
Step4.cshtml,file
Step4.html,file
Step5.cshtml,file
Step5_old.cshtml,file
Store.d.ts,file
Store.js,file
Store.js.map,file
StringEmptyToBoolConverter.cs,file
StringToVisibility.cs,file
Strings.d.ts,file
Strings.js,file
Strings.js.map,file
StyleCop,dir
Styles.xaml,file
Styles.xaml.cs,file
SuggestedActionsMapper.js,file
TabbedPageRendererFix.cs,file
TakeSnapshot.cshtml,file
TalkToMyBot.sln,file
TaskHelper.cs,file
Telemetry,dir
Template,dir
TemplateController.cs,file
Text,dir
TextHelper.js,file
TextMapper.js,file
TextTests.cs,file
TextToSpeechService.cs,file
TextTranslatorResponse.cs,file
Themes,dir
ThirdPartyNotices.txt,file
ToastControl.xaml,file
ToastControl.xaml.cs,file
Toggle.png,file
ToggleButton.cs,file
ToggleButtonRenderer.cs,file
ToolWindow.xaml,file
ToolWindow.xaml.cs,file
TooltipButtom.cs,file
TooltipButtonRenderer.cs,file
TopMenu,dir
TopMenuWindow.cs,file
TopRibbon.xaml,file
TopRibbon.xaml.cs,file
TopScoringIntent.cs,file
Trace.js,file
TranscriptUtterance.cs,file
TranslationHandler.cs,file
TranslatorSpeechMiddleware.cs,file
TranslatorSpeechService.cs,file
TranslatorTextService.cs,file
TrayIcon,dir
TrayIcon.cs,file
TrayIconContextMenu.Designer.cs,file
TrayIconContextMenu.cs,file
TrayIconContextMenu.resx,file
TwoButtonDialog.xaml,file
TwoButtonDialog.xaml.cs,file
Types.d.ts,file
Types.js,file
Types.js.map,file
UIActionEventArgs.cs,file
UIActions.cs,file
Undo.png,file
UnitConversion.cs,file
Uploader.cshtml,file
Using_The_Code.md,file
Util,dir
Utils,dir
Utils.cs,file
Value.cs,file
ViewModelLocator.cs,file
ViewModels,dir
ViewModelsFactory.cs,file
Views,dir
Waiting.png,file
Web.Debug.config,file
Web.config,file
WebAPISkillContract.cs,file
WebApiSkill,dir
WebApiSkillHelpers.cs,file
WinMessage.cs,file
Windows,dir
Windows_Certificate_Properties.png,file
Windows_Import_Certificate.png,file
Windows_Import_Certificate_1.png,file
Windows_Import_Certificate_Completed.png,file
Windows_Import_Certificate_Trusted_People.png,file
Windows_Install_Certificate.md,file
Windows_Zip_Content.png,file
Word.cs,file
WordWritten.cs,file
_Button.cshtml,file
_CheckBox.cshtml,file
_ComboBox.cshtml,file
_DebugLayout.cshtml,file
_FlatLayout.cshtml,file
_Heading.cshtml,file
_Image.cshtml,file
_Label.cshtml,file
_Layout.cshtml,file
_LayoutDetails.cshtml,file
_Link.cshtml,file
_Paragraph.cshtml,file
_RadioButton.cshtml,file
_TextBox.cshtml,file
_ViewStart.cshtml,file
__init__.py,file
_base.scss,file
_breakpoints.scss,file
_main.cshtml,file
_mixins.scss,file
_palette.scss,file
_typography.scss,file
a297ba33-fee9-417b-9dbf-4d92d36a6991.png,file
a2d2b1cd-d4b8-4a1c-90fa-e5549e39b91b.png,file
a2e5bc0f-6e8a-442e-affe-ca4bda44d262.png,file
a5d02313-1d8b-4148-9cf9-54e832e827a6.png,file
a6c59f33-2285-4644-97aa-52f193d4e5ce.png,file
aa7e1723-0f7c-4932-bca6-0407dc244a1f.png,file
action.en.json,file
action.es.json,file
activityWithSuggestedActions.d.ts,file
activityWithSuggestedActions.js,file
activityWithSuggestedActions.js.map,file
adaptiveCard.json,file
advanced-pipeline,dir
ae3de36d-ba93-4a5d-829c-38fa0b865812.png,file
android-chrome-192x192.png,file
android-chrome-512x512.png,file
api-ms-win-crt-conio-l1-1-0.dll,file
api-ms-win-crt-convert-l1-1-0.dll,file
api-ms-win-crt-environment-l1-1-0.dll,file
api-ms-win-crt-filesystem-l1-1-0.dll,file
api-ms-win-crt-heap-l1-1-0.dll,file
api-ms-win-crt-locale-l1-1-0.dll,file
api-ms-win-crt-math-l1-1-0.dll,file
api-ms-win-crt-multibyte-l1-1-0.dll,file
api-ms-win-crt-private-l1-1-0.dll,file
api-ms-win-crt-process-l1-1-0.dll,file
api-ms-win-crt-runtime-l1-1-0.dll,file
api-ms-win-crt-stdio-l1-1-0.dll,file
api-ms-win-crt-string-l1-1-0.dll,file
api-ms-win-crt-time-l1-1-0.dll,file
api-ms-win-crt-utility-l1-1-0.dll,file
api.ts,file
app.config,file
app.css,file
app.manifest,file
app.router.tsx,file
app.tsx,file
app1.manifest,file
apple-touch-icon.png,file
applications,dir
appsettings.json,file
arch.jpg,file
architecture.png,file
array-immutable.helper.ts,file
arrow_details.svg,file
assets,dir
authadal.py,file
autocomplete.component.tsx,file
autocomplete.style.scss,file
az-api,dir
az-api.md,file
az-api.png,file
azure-button.component.tsx,file
azure-button.style.scss,file
azure-search.logo.svg,file
azure_search_service.png,file
azuredeploy.json,file
azureml_config.json,file
azureml_service.py,file
b04dc998-9b68-4d01-9670-0727d0d43617.png,file
b0ba879b-d04d-46aa-9d88-baa214a8d57f.png,file
b0d1635f-2f9a-4285-8517-444cae326761.png,file
b23c633e-f3d1-42ef-bbda-d6ddaeb53a3c.png,file
b492b141-a162-4e40-bba2-920a9d1c9555.png,file
b5a04858-3e4a-4db4-9117-47f7e533798a.png,file
b5e97de6-94ce-49e9-8553-ca8a8653f35d.png,file
b61a2a6c-c46d-4575-a091-3508bf0b2b88.png,file
background.svg,file
background_image-02.svg,file
bc18ff8e-a345-40ed-9f3e-ccaf0ca2141f.png,file
bd73cef8-a70e-483e-b0f5-81a7a81ca95d.png,file
bdd7286c-6da8-4caa-a7a0-ffcaa7e0ba02.png,file
bde0646d-e0d6-497f-b832-cb2bbf907eb1.png,file
bg.jpg,file
blob_service,dir
blob_service.py,file
bonsai_brain.bproj,file
books_scrapping.py,file
bootstrap-grid.css,file
bootstrap-grid.css.map,file
bootstrap-grid.min.css,file
bootstrap-grid.min.css.map,file
bootstrap-reboot.css,file
bootstrap-reboot.css.map,file
bootstrap-reboot.min.css,file
bootstrap-reboot.min.css.map,file
bootstrap.bundle.js,file
bootstrap.bundle.js.map,file
bootstrap.bundle.min.js,file
bootstrap.bundle.min.js.map,file
bootstrap.css,file
bootstrap.css.map,file
bootstrap.js,file
bootstrap.js.map,file
bootstrap.min.css,file
bootstrap.min.css.map,file
bootstrap.min.js,file
bootstrap.min.js.map,file
bot.recipe,file
botchat.css,file
botchat.js,file
botchat.js.map,file
bottom_right.svg.png,file
browserconfig.xml,file
build.linux.sh,file
build.mac.sh,file
build.windows.ps1,file
buildRoute.ts,file
built,dir
button_crop.svg,file
button_download.png,file
button_download.svg,file
button_letMagic.png,file
button_letMagic.svg,file
button_picture.png,file
button_picture.svg,file
button_restart.svg,file
button_screenshot.svg,file
button_startVideo.svg,file
button_stopVideo_Pink.svg,file
button_stopVideo_Red.svg,file
button_success.png,file
button_upload.png,file
button_upload.svg,file
c0822cd3-0bcb-458b-8dba-eef63fe4e3a3.png,file
c237d277-27c4-465d-b2d6-e4eca2c069ed.png,file
c6d6c834-f44b-4227-aec1-5bf40f05b0c7.png,file
caption,dir
caption.component.tsx,file
caption.style.scss,file
captions.jpg,file
carbonara.jpg,file
cat.png,file
ce3baaad-b073-4694-8ae0-1cb1e818c075.png,file
cf81631e-ee08-49b5-9c44-818024734b81.png,file
checkbox-list.component.tsx,file
checkbox-list.style.scss,file
chevron,dir
chevron.component.tsx,file
chevron.style.scss,file
cia-cryptonyms.json,file
classname.helper.ts,file
cnc.ink,file
cnc_data.csv,file
cnc_simulator.py,file
cogsearch-architecture.png,file
common,dir
common-util.ts,file
complex.xml,file
components,dir
concrt140.dll,file
config,dir
config.js,file
config.json,file
config.model.ts,file
config.parser.ts,file
config.py,file
config.ts,file
config_deploy,dir
constants.ts,file
control,file
conversationQueue.js,file
custom_speech_language_ds.txt,file
custom_speech_pronunciation_ds.txt,file
d20b2bf2-ee77-404f-8de3-9238284d1957.png,file
d8583058-613e-4990-8973-5a231de3467b.png,file
d8f1369c-5c96-4cdd-b437-a77353c831c6.png,file
d8f269e4-8ecb-4b5b-86ea-4839fb1a6e18.png,file
d960506e-ca2c-4393-911c-6a1e7fbaddf7.png,file
d985982e-3e78-4dd9-a16e-086f4bed223f.png,file
da54575a-4e89-49aa-af1a-c4d8490ba57b.png,file
da8781f7-e181-455c-9639-2eb2df710ca5.png,file
dataset.json,file
db6d137e-42f1-494a-8a13-69532d740209.png,file
dbe07573-d709-4f41-b99c-f06dd4b9bcdd.png,file
decoder.py,file
decoding,dir
default.htm,file
deploy.cmd,file
deploy.py,file
deploy_azure_resources.png,file
deploymentCompleted.JPG,file
deploymentInProgress.JPG,file
detail-page,dir
detail-page.component.tsx,file
detail-page.container.tsx,file
detail-page.memento.ts,file
detail-page.route.tsx,file
detail-page.style.scss,file
df16cc89-07db-46d0-9748-ca450e8fbfba.png,file
dfca0ee0-9e19-49ed-b25c-149a9a713335.png,file
dialog.component.tsx,file
dialog.styles.scss,file
directLine,dir
discounts_french.wav,file
doc,dir
docid-32149623.pdf,file
docid-32279253-1.pdf,file
docid-32288246.pdf,file
docid-32328578.pdf,file
docid-32404831.pdf,file
docs,dir
documents,dir
dog.jpeg,file
drawer,dir
drawer-bar.component.tsx,file
drawer-bar.style.scss,file
drawer.component.tsx,file
drawer.style.scss,file
drill.ink,file
drill_data0.csv,file
drill_data1.csv,file
drill_data2.csv,file
drill_simulator.py,file
e4da414a-0ad2-4580-ab2e-039a06532ea9.png,file
e61e2973-7712-4b2c-91e9-b3221756a220.png,file
e6b36cb6-83a0-4865-8b33-52822722ef50.png,file
e86d7eae-07d8-49da-86c6-883cea3a87c4.png,file
e8f8f3bf-6241-4b9f-91c4-3422c6dadee7.png,file
eaa0ceec-7f26-42b2-81a7-b8cd52416fec.png,file
ejemplo.jpg,file
embedding.py,file
encdec_functs,dir
environment.yml,file
esm,dir
exec,dir
f1f0f46b-4430-4227-ab3a-24ad1192728e.png,file
f66ced22-8f4e-4c35-8277-e49fba7bf192.png,file
f7178070-ea83-4a9e-b814-e367468705c3.png,file
f9c92b4a-b209-4ed6-b172-88c2ffb86a48.png,file
fa3aae44-9496-4557-a085-d1407b5b3e8e.png,file
facet-body.component.tsx,file
facet-body.style.scss,file
facet-header.component.tsx,file
facet-header.style.scss,file
facet-item.component.tsx,file
facet-item.style.scss,file
facet-view.component.tsx,file
facet-view.style.scss,file
facet.model.ts,file
facet.parser.ts,file
facets,dir
fake_img.svg,file
favicon,dir
favicon-16x16.png,file
favicon-32x32.png,file
favicon.ico,file
feef1db7-6cbe-4d0d-9929-18e42ba09407.png,file
filter.model.ts,file
filter.parser.ts,file
filter_list.py,file
fonts,dir
fonts.css,file
footer,dir
footer.component.tsx,file
footer.style.scss,file
frontend,dir
fulfilment.js,file
gactions.exe,file
generate.py,file
generation,dir
getTabIndex.d.ts,file
getTabIndex.js,file
getTabIndex.js.map,file
global,dir
googleActions,dir
googleAssistantProxy.deploy.local.es.md,file
googleAssistantProxy.messages.es.md,file
googleAssistantProxy.messages.md,file
googleAssistantProxy.settings.es.md,file
googleAssistantProxy.settings.md,file
graph,dir
graph-api,dir
graph-view.business.ts,file
graph-view.component.tsx,file
graph-view.handlers.ts,file
graph-view.style.scss,file
gtkrc-dark,file
gtkrc-dark.Windows,file
helpers,dir
hocr,dir
hocr-docnode.component.tsx,file
hocr-document,dir
hocr-document.component.tsx,file
hocr-document.style.scss,file
hocr-document.style.ts,file
hocr-node.component.tsx,file
hocr-node.style.scss,file
hocr-node.style.ts,file
hocr-page.component.tsx,file
hocr-page.style.scss,file
hocr-page.style.ts,file
hocr-preview,dir
hocr-preview.component.tsx,file
hocr-preview.style.scss,file
hocr-preview.style.ts,file
hocr-proofreader,dir
hocr-proofreader.component.tsx,file
hocr-proofreader.style.scss,file
hocr-svg.component.tsx,file
home-page,dir
home-page.component.tsx,file
home-page.container.tsx,file
home-page.route.tsx,file
home-page.style.scss,file
homogeneous_data.py,file
horc-tooltip.component.tsx,file
horizontal-separator,dir
horizontal-separator.component.tsx,file
horizontal-separator.style.scss,file
host.json,file
how_to_01PNG.png,file
how_to_02PNG.png,file
how_to_03PNG.png,file
how_to_04PNG.png,file
html2canvas.min.js,file
hvac.ink,file
hvac_data_1.csv,file
hvac_data_10.csv,file
hvac_data_11.csv,file
hvac_data_12.csv,file
hvac_data_13.csv,file
hvac_data_14.csv,file
hvac_data_15.csv,file
hvac_data_16.csv,file
hvac_data_17.csv,file
hvac_data_18.csv,file
hvac_data_19.csv,file
hvac_data_2.csv,file
hvac_data_20.csv,file
hvac_data_21.csv,file
hvac_data_22.csv,file
hvac_data_23.csv,file
hvac_data_24.csv,file
hvac_data_25.csv,file
hvac_data_3.csv,file
hvac_data_4.csv,file
hvac_data_5.csv,file
hvac_data_6.csv,file
hvac_data_7.csv,file
hvac_data_8.csv,file
hvac_data_9.csv,file
hvac_simulator.py,file
images,dir
img,dir
img_background.svg,file
img_background_sketech2CODE.png,file
img_spareMobile.svg,file
img_success.svg,file
index.d.ts,file
index.html,file
index.js,file
index.json,file
index.ts,file
indexer.json,file
item,dir
item-collection-view.component.tsx,file
item-collection-view.style.scss,file
item.component.tsx,file
item.model.ts,file
item.style.scss,file
jfk,dir
jfk-cognitive-search.jpg,file
jfk-files-architecture.JPG,file
jfk-files-scenario.png,file
jfk-icons.eot,file
jfk-icons.svg,file
jfk-icons.ttf,file
jfk-icons.woff,file
jquery-1.10.2.intellisense.js,file
jquery-3.0.0-vsdoc.js,file
jquery-3.0.0.js,file
jquery-3.0.0.min.js,file
jquery-3.0.0.min.map,file
jquery-3.0.0.slim.js,file
jquery-3.0.0.slim.min.js,file
jquery-3.0.0.slim.min.map,file
jquery.min.js,file
keys.py,file
lasagna.jpg,file
launch.json,file
layers.py,file
lib,dir
lib.d.ts,file
libman.json,file
libxammac.dylib,file
link.component.tsx,file
link.styles.scss,file
loader.gif,file
local.settings.json,file
log-debug.helper.ts,file
logo MS.svg.png,file
logo-jfk,dir
logo-microsoft,dir
logo.component.tsx,file
logo_MS.png,file
main.css,file
main.scss,file
mapper,dir
mapper.search.ts,file
mapper.suggestion.ts,file
menu-button,dir
menu-button.component.tsx,file
menu-button.style.scss,file
model,dir
model.py,file
models_updown.py,file
modernizr-2.6.2.js,file
msbotClone,dir
mstile-144x144.png,file
mstile-150x150.png,file
mstile-310x150.png,file
mstile-310x310.png,file
mstile-70x70.png,file
msvcp140.dll,file
myenv.yml,file
ngrok.exe,file
node.js-console.png,file
normalize.css,file
nuget.exe,file
nvidia.yaml,file
octicons.css,file
octicons.eot,file
octicons.svg,file
octicons.ttf,file
octicons.woff,file
optim.py,file
outputs.JPG,file
package-lock.json,file
package.json,file
packages.config,file
page-bar,dir
page-bar.component.tsx,file
page-bar.style.scss,file
page.tsx,file
pages,dir
pagination,dir
pagination.scss,file
pagination.tsx,file
pastedImage (1).png,file
payload,dir
payload.model.ts,file
payload.parser.ts,file
personality_chat_samples.png,file
phone_img.png,file
photo_oswald.jpeg,file
pixmaps,dir
pizza.jpg,file
placeholder,dir
placeholder.component.tsx,file
playmobil.png,file
popper-utils.js,file
popper-utils.js.map,file
popper-utils.min.js,file
popper-utils.min.js.map,file
popper.js,file
popper.js.map,file
popper.min.js,file
popper.min.js.map,file
predicted_object_details.svg,file
preprocessing,dir
qna-ttmb-KB.tsv,file
read_book_data.py,file
readme.md,file
rectangleProps.ts,file
request.ts,file
requirements.txt,file
resources,dir
response.model.ts,file
response.parser.ts,file
restaurant-lab.zip,file
routes,dir
runInitializer.JPG,file
sample1.jpg,file
sample1.png,file
sample2.jpg,file
sample2.png,file
sample3.jpg,file
sample3.png,file
sample4.jpg,file
sampleDesigns,dir
score.py,file
search,dir
search-button.component.tsx,file
search-button.style.scss,file
search-input.component.tsx,file
search-input.style.scss,file
search-page,dir
search-page.component.tsx,file
search-page.container.business.tsx,file
search-page.container.state.tsx,file
search-page.container.tsx,file
search-page.route.tsx,file
search-page.style.scss,file
search.component.tsx,file
search.py,file
search.style.scss,file
searchServiceInDeployment.JPG,file
searchServiceKeys.JPG,file
selection-control.tsx,file
selection-controls,dir
server,dir
server.js,file
service,dir
service.model.ts,file
service.registry.ts,file
service.ts,file
services,dir
settings,dir
share,dir
site.webmanifest,file
skillset.json,file
skipthoughts.py,file
skipthoughts_picture.JPG,file
skipthoughts_vectors,dir
snipInsightInstaller.pkgproj,file
source,dir
spacer,dir
spacer.component.tsx,file
spacer.style.scss,file
src,dir
state.memento.ts,file
state.model.ts,file
step2_leftCircle.png,file
step2_rightCircle (2).png,file
step2_rightCircle.png,file
style.scss,file
stylecop.props,file
stylecop.ruleset,file
styles,dir
suggestion.model.ts,file
svg,dir
svg.component.tsx,file
talk-to-my-bot.json,file
tasks.json,file
text_moderator.py,file
texthandWritted2.png,file
texthandwritted.png,file
theme,dir
theme.ts,file
toolbar,dir
toolbar.component.tsx,file
toolbar.style.scss,file
tools,dir
tools.py,file
tooltip,dir
tooltip.component.tsx,file
tooltip.style.scss,file
toy-story.jpg,file
train.py,file
train_decoder.py,file
train_encoder.py,file
training,dir
training.py,file
tsconfig.json,file
two_horizontal_boxes.xml,file
two_vertical_boxes.xml,file
type.helper.ts,file
ucrtbase.dll,file
umd,dir
urlInConsole.JPG,file
using-cards.bot,file
usr,dir
util,dir
utils,dir
utils.py,file
vcruntime140.dll,file
version.txt,file
vertical-separator,dir
vertical-separator.component.tsx,file
vertical-separator.style.scss,file
view-mode-toggler.component.tsx,file
view-mode-toggler.style.scss,file
view-model,dir
vocab.py,file
vs-ngrog.png,file
vs-node-component.png,file
vs-proyectOptions.png,file
vs-solution.png,file
vse.JPG,file
vswhere.exe,file
web.config,file
webpack.base.config.js,file
webpack.dev.config.js,file
webpack.prod.config.js,file
wkhtmltoimage,dir
wkhtmltoimage.exe,file
wwwroot,dir
year-picker.component.tsx,file
year-picker.style.scss,file
