name,type
index.d.ts,file
index.js,file
material-ui-lab,dir
packages,dir
src,dir
useAutocomplete,dir
useAutocomplete.d.ts,file
useAutocomplete.js,file
