name,type
1.png,file
10.png,file
11.png,file
115.list,file
115.rule,file
12.png,file
12306.list,file
12306.rule,file
13.png,file
1337x.list,file
1337x.rule,file
14.5.png,file
14.png,file
15.png,file
16.png,file
17.png,file
17173.list,file
17173.rule,file
178.list,file
178.rule,file
17zuoye.list,file
17zuoye.rule,file
18.png,file
1a.png,file
1blocker.module,file
1sg.png,file
2.png,file
2KGames.list,file
2KGames.rule,file
2sg.png,file
3.png,file
360.list,file
360.rule,file
36kr.list,file
36kr.rule,file
3Type.list,file
3Type.rule,file
3dm.list,file
3dm.rule,file
3sg.png,file
4.png,file
4399.list,file
4399.rule,file
4Paradigm.list,file
4Paradigm.rule,file
4chan.list,file
4chan.rule,file
5.png,file
51Job.list,file
51Job.rule,file
51nod.list,file
51nod.rule,file
56.list,file
56.rule,file
58TongCheng.list,file
58TongCheng.rule,file
6.png,file
6JianFang.list,file
6JianFang.rule,file
6park.list,file
6park.rule,file
7.png,file
7dong.module,file
8.png,file
8btc.list,file
8btc.rule,file
9.png,file
9News.list,file
9News.rule,file
9to5.list,file
9to5.rule,file
ABC.list,file
ABC.rule,file
ADLite.list,file
ADLite.rule,file
AFP.list,file
AFP.rule,file
ALJazeera.list,file
ALJazeera.rule,file
AMD.list,file
AMD.rule,file
AMP.list,file
AMP.rule,file
AOL.list,file
AOL.rule,file
APKCombo.list,file
APKCombo.rule,file
ASN-CN.list,file
ASN-CN.rule,file
ASN-lite.list,file
ASN-lite.rule,file
ATTWatchTV.list,file
ATTWatchTV.rule,file
Abema.list,file
Abema.rule,file
AbemaTV.list,file
AbemaTV.rule,file
AcFun.list,file
AcFun.rule,file
Accuweather.list,file
Accuweather.rule,file
Acer.list,file
Acer.rule,file
Acplay.list,file
Acplay.rule,file
Actalis.list,file
Actalis.rule,file
AdBlock.module,file
AdColony.list,file
AdColony.rule,file
AddToAny.list,file
AddToAny.rule,file
Addthis.list,file
Addthis.rule,file
Adidas.list,file
Adidas.rule,file
Adobe.list,file
Adobe.rule,file
AdobeActivation.list,file
AdobeActivation.rule,file
AdvertisingLite.list,file
AdvertisingLite.rule,file
Aerogard.list,file
Aerogard.rule,file
Afdian.list,file
Afdian.rule,file
Agora.list,file
Agora.rule,file
AiQiCha.list,file
AiQiCha.rule,file
AirChina.list,file
AirChina.rule,file
AirWick.list,file
AirWick.rule,file
Akamai.list,file
Akamai.rule,file
Ali213.list,file
Ali213.rule,file
AliPay.list,file
AliPay.rule,file
Alibaba.list,file
Alibaba.rule,file
All4.list,file
All4.rule,file
Amazon.list,file
Amazon.rule,file
AmazonCN.list,file
AmazonCN.rule,file
AmazonIP.list,file
AmazonIP.rule,file
AmazonPrimeVideo.list,file
AmazonPrimeVideo.rule,file
AmazonTrust.list,file
AmazonTrust.rule,file
Americasvoice.list,file
Americasvoice.rule,file
AnTianKeJi.list,file
AnTianKeJi.rule,file
Anaconda.list,file
Anaconda.rule,file
AnandTech.list,file
AnandTech.rule,file
Android.list,file
Android.rule,file
Anime.list,file
Anime.rule,file
Anjuke.list,file
Anjuke.rule,file
Anonv.list,file
Anonv.rule,file
Anthropic.list,file
Anthropic.rule,file
AntiAD.list,file
AntiAD.rule,file
Antutu.list,file
Antutu.rule,file
Apifox.list,file
Apifox.rule,file
Apkpure.list,file
Apkpure.rule,file
AppLovin.list,file
AppLovin.rule,file
AppStore.list,file
AppStore.rule,file
Apple.list,file
Apple.rule,file
AppleDaily.list,file
AppleDaily.rule,file
AppleDev.list,file
AppleDev.rule,file
AppleFirmware.list,file
AppleFirmware.rule,file
AppleHardware.list,file
AppleHardware.rule,file
AppleID.list,file
AppleID.rule,file
AppleMail.list,file
AppleMail.rule,file
AppleMedia.list,file
AppleMedia.rule,file
AppleMusic.list,file
AppleMusic.rule,file
AppleNews.list,file
AppleNews.rule,file
AppleProxy.list,file
AppleProxy.rule,file
AppleTV.list,file
AppleTV.rule,file
Arphic.list,file
Arphic.rule,file
AsianMedia.list,file
AsianMedia.rule,file
Atlassian.list,file
Atlassian.rule,file
BBC.list,file
BBC.rule,file
BMW.list,file
BMW.rule,file
BOC.list,file
BOC.rule,file
BOCOM.list,file
BOCOM.rule,file
Bahamut.list,file
Bahamut.rule,file
BaiDuTieBa.list,file
BaiDuTieBa.rule,file
BaiFenDian.list,file
BaiFenDian.rule,file
BaiShanYunKeJi.list,file
BaiShanYunKeJi.rule,file
Baidu.list,file
Baidu.rule,file
BaoFengYingYin.list,file
BaoFengYingYin.rule,file
BardAI.list,file
BardAI.rule,file
Battle.list,file
Battle.rule,file
BeStore.list,file
BeStore.rule,file
Beats.list,file
Beats.rule,file
BesTV.list,file
BesTV.rule,file
Bestbuy.list,file
Bestbuy.rule,file
BianFeng.list,file
BianFeng.rule,file
BiliBili.list,file
BiliBili.rule,file
BiliBiliIntl.list,file
BiliBiliIntl.rule,file
Binance.list,file
Binance.rule,file
Bing.list,file
Bing.rule,file
Blizzard.list,file
Blizzard.rule,file
Bloomberg.list,file
Bloomberg.rule,file
Blued.list,file
Blued.rule,file
BoXun.list,file
BoXun.rule,file
Bodian.module,file
Bootcss.list,file
Bootcss.rule,file
BrightCove.list,file
BrightCove.rule,file
BritboxUK.list,file
BritboxUK.rule,file
Buypass.list,file
Buypass.rule,file
ByteDance.list,file
ByteDance.rule,file
CAS.list,file
CAS.rule,file
CBS.list,file
CBS.rule,file
CCB.list,file
CCB.rule,file
CCTV.list,file
CCTV.rule,file
CEB.list,file
CEB.rule,file
CETV.list,file
CETV.rule,file
CGB.list,file
CGB.rule,file
CHT.list,file
CHT.rule,file
CIBN.list,file
CIBN.rule,file
CKJR.list,file
CKJR.rule,file
CMB.list,file
CMB.rule,file
CNKI.list,file
CNKI.rule,file
CNN.list,file
CNN.rule,file
CNNIC.list,file
CNNIC.rule,file
CSDN.list,file
CSDN.rule,file
CWSeed.list,file
CWSeed.rule,file
CableTV.list,file
CableTV.rule,file
CaiNiao.list,file
CaiNiao.rule,file
CaiXinChuanMei.list,file
CaiXinChuanMei.rule,file
Cake.list,file
Cake.rule,file
Camera360.list,file
Camera360.rule,file
Canon.list,file
Canon.rule,file
ChatGPT.list,file
ChatGPT.rule,file
ChengTongWangPan.list,file
ChengTongWangPan.rule,file
China.list,file
China.rule,file
ChinaDNS.list,file
ChinaDNS.rule,file
ChinaIPs.list,file
ChinaIPs.rule,file
ChinaIPsBGP.list,file
ChinaIPsBGP.rule,file
ChinaMax.list,file
ChinaMax.rule,file
ChinaMaxNoIP.list,file
ChinaMaxNoIP.rule,file
ChinaMaxNoMedia.list,file
ChinaMaxNoMedia.rule,file
ChinaMedia.list,file
ChinaMedia.rule,file
ChinaMobile.list,file
ChinaMobile.rule,file
ChinaNews.list,file
ChinaNews.rule,file
ChinaNoMedia.list,file
ChinaNoMedia.rule,file
ChinaTelecom.list,file
ChinaTelecom.rule,file
ChinaTest.list,file
ChinaTest.rule,file
ChinaUnicom.list,file
ChinaUnicom.rule,file
Chromecast.list,file
Chromecast.rule,file
ChuangKeTie.list,file
ChuangKeTie.rule,file
ChunYou.list,file
ChunYou.rule,file
Cisco.list,file
Cisco.rule,file
Civitai.list,file
Civitai.rule,file
Classic.list,file
Classic.rule,file
Claude.list,file
Claude.rule,file
Cloudflare.list,file
Cloudflare.rule,file
Clubhouse.list,file
Clubhouse.rule,file
ClubhouseIP.list,file
ClubhouseIP.rule,file
Cnet.list,file
Cnet.rule,file
Collabora.list,file
Collabora.rule,file
Comodo.list,file
Comodo.rule,file
Contentful.list,file
Contentful.rule,file
Coolapk.list,file
Coolapk.rule,file
Copilot.list,file
Copilot.rule,file
Crypto.list,file
Crypto.rule,file
Cryptocurrency.list,file
Cryptocurrency.rule,file
CyberTrust.list,file
CyberTrust.rule,file
DAZN.list,file
DAZN.rule,file
DMM.list,file
DMM.rule,file
DaMai.list,file
DaMai.rule,file
Dailymail.list,file
Dailymail.rule,file
Dailymotion.list,file
Dailymotion.rule,file
DanDanZan.list,file
DanDanZan.rule,file
Dandanplay.list,file
Dandanplay.rule,file
DangDang.list,file
DangDang.rule,file
Dedao.list,file
Dedao.rule,file
Deepin.list,file
Deepin.rule,file
Deezer.list,file
Deezer.rule,file
Dell.list,file
Dell.rule,file
DiDi.list,file
DiDi.rule,file
DiLianWangLuo.list,file
DiLianWangLuo.rule,file
DiSiFanShi.list,file
DiSiFanShi.rule,file
DiabloIII.list,file
DiabloIII.rule,file
DianCeWangKe.list,file
DianCeWangKe.rule,file
DigiCert.list,file
DigiCert.rule,file
DigitalOcean.list,file
DigitalOcean.rule,file
DingTalk.list,file
DingTalk.rule,file
DingXiangYuan.list,file
DingXiangYuan.rule,file
Discord.list,file
Discord.rule,file
DiscoveryPlus.list,file
DiscoveryPlus.rule,file
Disney.list,file
Disney.rule,file
Disqus.list,file
Disqus.rule,file
Docker.list,file
Docker.rule,file
Domob.list,file
Domob.rule,file
Dood.list,file
Dood.rule,file
DouBan.list,file
DouBan.rule,file
DouYin.list,file
DouYin.rule,file
Douyu.list,file
Douyu.rule,file
Dropbox.list,file
Dropbox.rule,file
DtDNS.list,file
DtDNS.rule,file
Dubox.list,file
Dubox.rule,file
Duckduckgo.list,file
Duckduckgo.rule,file
DuoWan.list,file
DuoWan.rule,file
Duolingo.list,file
Duolingo.rule,file
DynDNS.list,file
DynDNS.rule,file
Dynu.list,file
Dynu.rule,file
EA.list,file
EA.rule,file
EHGallery.list,file
EHGallery.rule,file
EastMoney.list,file
EastMoney.rule,file
Eleme.list,file
Eleme.rule,file
Embl.list,file
Embl.rule,file
Emby.list,file
Emby.rule,file
Emojipedia.list,file
Emojipedia.rule,file
EncoreTVB.list,file
EncoreTVB.rule,file
Entrust.list,file
Entrust.rule,file
Epic.list,file
Epic.rule,file
Espn.list,file
Espn.rule,file
FOXNOW.list,file
FOXNOW.rule,file
FOXPlus.list,file
FOXPlus.rule,file
Facebook.list,file
Facebook.rule,file
FanFou.list,file
FanFou.rule,file
FangZhengDianZi.list,file
FangZhengDianZi.rule,file
Faronics.list,file
Faronics.rule,file
FeiZhu.list,file
FeiZhu.rule,file
FengHuangWang.list,file
FengHuangWang.rule,file
FengXiaWangLuo.list,file
FengXiaWangLuo.rule,file
Figma.list,file
Figma.rule,file
Fiio.list,file
Fiio.rule,file
FindMy.list,file
FindMy.rule,file
FitnessPlus.list,file
FitnessPlus.rule,file
FlipBoard.list,file
FlipBoard.rule,file
Flurry.list,file
Flurry.rule,file
Fox.list,file
Fox.rule,file
FreeCodeCamp.list,file
FreeCodeCamp.rule,file
FuboTV.list,file
FuboTV.rule,file
Funshion.list,file
Funshion.rule,file
GaoDe.list,file
GaoDe.rule,file
Garena.list,file
Garena.rule,file
Geely.list,file
Geely.rule,file
Gemini.list,file
Gemini.rule,file
Gettyimages.list,file
Gettyimages.rule,file
Gigabyte.list,file
Gigabyte.rule,file
GitBook.list,file
GitBook.rule,file
GitHub.list,file
GitHub.rule,file
GitLab.list,file
GitLab.rule,file
Gitee.list,file
Gitee.rule,file
Global.list,file
Global.rule,file
GlobalMedia.list,file
GlobalMedia.rule,file
GlobalScholar.list,file
GlobalScholar.rule,file
GlobalSign.list,file
GlobalSign.rule,file
Gog.list,file
Gog.rule,file
Google.list,file
Google.rule,file
GoogleDrive.list,file
GoogleDrive.rule,file
GoogleEarth.list,file
GoogleEarth.rule,file
GoogleFCM.list,file
GoogleFCM.rule,file
GoogleSearch.list,file
GoogleSearch.rule,file
GoogleVoice.list,file
GoogleVoice.rule,file
GovCN.list,file
GovCN.rule,file
Gucci.list,file
Gucci.rule,file
GuiGuDongLi.list,file
GuiGuDongLi.rule,file
HBO.list,file
HBO.rule,file
HBOAsia.list,file
HBOAsia.rule,file
HBOHK.list,file
HBOHK.rule,file
HBOUSA.list,file
HBOUSA.rule,file
HKBN.list,file
HKBN.rule,file
HKOpenTV.list,file
HKOpenTV.rule,file
HKedcity.list,file
HKedcity.rule,file
HP.list,file
HP.rule,file
HWTV.list,file
HWTV.rule,file
HaiNanHangKong.list,file
HaiNanHangKong.rule,file
HamiVideo.list,file
HamiVideo.rule,file
HanYi.list,file
HanYi.rule,file
HashiCorp.list,file
HashiCorp.rule,file
Haveibeenpwned.list,file
Haveibeenpwned.rule,file
HeMa.list,file
HeMa.rule,file
Hearthstone.list,file
Hearthstone.rule,file
HeroesoftheStorm.list,file
HeroesoftheStorm.rule,file
Heroku.list,file
Heroku.rule,file
HibyMusic.list,file
HibyMusic.rule,file
Himalaya.list,file
Himalaya.rule,file
HistoryPrice.sgmodule,file
Hkgolden.list,file
Hkgolden.rule,file
HoYoverse.list,file
HoYoverse.rule,file
Hpplay.list,file
Hpplay.rule,file
HuYa.list,file
HuYa.rule,file
HuaShuTV.list,file
HuaShuTV.rule,file
HuanJu.list,file
HuanJu.rule,file
Huawei.list,file
Huawei.rule,file
Huffpost.list,file
Huffpost.rule,file
Hulu.list,file
Hulu.rule,file
HuluJP.list,file
HuluJP.rule,file
HuluUSA.list,file
HuluUSA.rule,file
HunanTV.list,file
HunanTV.rule,file
Hupu.list,file
Hupu.rule,file
IBM.list,file
IBM.rule,file
ICBC.list,file
ICBC.rule,file
IKEA.list,file
IKEA.rule,file
IMDB.list,file
IMDB.rule,file
IMG,dir
IPTVMainland.list,file
IPTVMainland.rule,file
IPTVOther.list,file
IPTVOther.rule,file
IPs-CN.list,file
IPs-CN.rule,file
ITV.list,file
ITV.rule,file
Identrust.list,file
Identrust.rule,file
Imgur.list,file
Imgur.rule,file
Instagram.list,file
Instagram.rule,file
Intel.list,file
Intel.rule,file
Intercom.list,file
Intercom.rule,file
JOOX.list,file
JOOX.rule,file
Japonx.list,file
Japonx.rule,file
Jetbrains.list,file
Jetbrains.rule,file
Jfrog.list,file
Jfrog.rule,file
JiGuangTuiSong.list,file
JiGuangTuiSong.rule,file
JianGuoYun.list,file
JianGuoYun.rule,file
JianShu.list,file
JianShu.rule,file
JinJiangWenXue.list,file
JinJiangWenXue.rule,file
JingDong.list,file
JingDong.rule,file
Jquery.list,file
Jquery.rule,file
Jsdelivr.list,file
Jsdelivr.rule,file
JueJin.list,file
JueJin.rule,file
Jwplayer.list,file
Jwplayer.rule,file
KKBOX.list,file
KKBOX.rule,file
KKTV.list,file
KKTV.rule,file
KakaoTalk.list,file
KakaoTalk.rule,file
Kantv.list,file
Kantv.rule,file
Keep.list,file
Keep.rule,file
KingSmith.list,file
KingSmith.rule,file
Kingsoft.list,file
Kingsoft.rule,file
KouDaiShiShang.list,file
KouDaiShiShang.rule,file
Ku6.list,file
Ku6.rule,file
KuKeMusic.list,file
KuKeMusic.rule,file
KuaiDi100.list,file
KuaiDi100.rule,file
KuaiShou.list,file
KuaiShou.rule,file
KuangShi.list,file
KuangShi.rule,file
KugouKuwo.list,file
KugouKuwo.rule,file
LG.list,file
LG.rule,file
LanZouYun.list,file
LanZouYun.rule,file
LastFM.list,file
LastFM.rule,file
LastPass.list,file
LastPass.rule,file
LeJu.list,file
LeJu.rule,file
LeTV.list,file
LeTV.rule,file
Lenovo.list,file
Lenovo.rule,file
LiTV.list,file
LiTV.rule,file
LianMeng.list,file
LianMeng.rule,file
Limelight.list,file
Limelight.rule,file
Line.list,file
Line.rule,file
LineTV.list,file
LineTV.rule,file
Linguee.list,file
Linguee.rule,file
LinkedIn.list,file
LinkedIn.rule,file
LivePerson.list,file
LivePerson.rule,file
Logitech.list,file
Logitech.rule,file
LondonReal.list,file
LondonReal.rule,file
LuDaShi.list,file
LuDaShi.rule,file
LvMiLianChuang.list,file
LvMiLianChuang.rule,file
MEGA.list,file
MEGA.rule,file
MIUIPrivacy.list,file
MIUIPrivacy.rule,file
MOMOShop.list,file
MOMOShop.rule,file
MOOMusic.list,file
MOOMusic.rule,file
MOOV.list,file
MOOV.rule,file
Mail.list,file
Mail.rule,file
Mailru.list,file
Mailru.rule,file
Majsoul.list,file
Majsoul.rule,file
Manorama.list,file
Manorama.rule,file
Maocloud.list,file
Maocloud.rule,file
Marketing.list,file
Marketing.rule,file
McDonalds.list,file
McDonalds.rule,file
MeWatch.list,file
MeWatch.rule,file
MeiTu.list,file
MeiTu.rule,file
MeiTuan.list,file
MeiTuan.rule,file
MeiZu.list,file
MeiZu.rule,file
MiWu.list,file
MiWu.rule,file
Microsoft.list,file
Microsoft.rule,file
MicrosoftEdge.list,file
MicrosoftEdge.rule,file
Migu.list,file
Migu.rule,file
MingLueZhaoHui.list,file
MingLueZhaoHui.rule,file
Mogujie.list,file
Mogujie.rule,file
Mojitianqi.list,file
Mojitianqi.rule,file
Movefree.list,file
Movefree.rule,file
Mozilla.list,file
Mozilla.rule,file
My5.list,file
My5.rule,file
NBC.list,file
NBC.rule,file
NGA.list,file
NGA.rule,file
NGAA.list,file
NGAA.rule,file
NYPost.list,file
NYPost.rule,file
NYTimes.list,file
NYTimes.rule,file
NaSDDNS.list,file
NaSDDNS.rule,file
Naver.list,file
Naver.rule,file
NaverTV.list,file
NaverTV.rule,file
NetEase.list,file
NetEase.rule,file
NetEaseMusic.list,file
NetEaseMusic.rule,file
Netflix.list,file
Netflix.rule,file
Niconico.list,file
Niconico.rule,file
Nike.list,file
Nike.rule,file
Nikkei.list,file
Nikkei.rule,file
Nintendo.list,file
Nintendo.rule,file
NivodTV.list,file
NivodTV.rule,file
Notion.list,file
Notion.rule,file
NowE.list,file
NowE.rule,file
Npmjs.list,file
Npmjs.rule,file
Nvidia.list,file
Nvidia.rule,file
OKX.list,file
OKX.rule,file
OP.list,file
OP.rule,file
OPPO.list,file
OPPO.rule,file
Olevod.list,file
Olevod.rule,file
OneDrive.list,file
OneDrive.rule,file
OnePlus.list,file
OnePlus.rule,file
OpenAI.list,file
OpenAI.rule,file
Opera.list,file
Opera.rule,file
Oracle.list,file
Oracle.rule,file
Oreilly.list,file
Oreilly.rule,file
Origin.list,file
Origin.rule,file
OuPeng.list,file
OuPeng.rule,file
Overcast.list,file
Overcast.rule,file
Overwatch.list,file
Overwatch.rule,file
PBS.list,file
PBS.rule,file
PCCW.list,file
PCCW.rule,file
PChome.list,file
PChome.rule,file
PPTV.list,file
PPTV.rule,file
PSBC.list,file
PSBC.rule,file
Pandora.list,file
Pandora.rule,file
PandoraTV.list,file
PandoraTV.rule,file
ParamountPlus.list,file
ParamountPlus.rule,file
Patreon.list,file
Patreon.rule,file
PayPal.list,file
PayPal.rule,file
Peacock.list,file
Peacock.rule,file
Picacg.list,file
Picacg.rule,file
Picsee.list,file
Picsee.rule,file
PikPak.list,file
PikPak.rule,file
Pinduoduo.list,file
Pinduoduo.rule,file
PingAn.list,file
PingAn.rule,file
Pinterest.list,file
Pinterest.rule,file
Pixiv.list,file
Pixiv.rule,file
Pixnet.list,file
Pixnet.rule,file
PlayStation.list,file
PlayStation.rule,file
PotatoChat.list,file
PotatoChat.rule,file
PrimeVideo.list,file
PrimeVideo.rule,file
Protonmail.list,file
Protonmail.rule,file
Proxy.list,file
Proxy.rule,file
ProxyLite.list,file
ProxyLite.rule,file
ProxyMedia.list,file
ProxyMedia.rule,file
Pubmatic.list,file
Pubmatic.rule,file
Purikonejp.list,file
Purikonejp.rule,file
Python.list,file
Python.rule,file
QiNiuYun.list,file
QiNiuYun.rule,file
QingCloud.list,file
QingCloud.rule,file
Qobuz.list,file
Qobuz.rule,file
Qsearch.sgmodule,file
Qualcomm.list,file
Qualcomm.rule,file
QuickConnect.list,file
QuickConnect.rule,file
Qyyjt.list,file
Qyyjt.rule,file
README.md,file
RTHK.list,file
RTHK.rule,file
Rakuten.list,file
Rakuten.rule,file
Rarbg.list,file
Rarbg.rule,file
Razer.list,file
Razer.rule,file
Reabble.list,file
Reabble.rule,file
Reddit.list,file
Reddit.rule,file
Riot.list,file
Riot.rule,file
Rockstar.list,file
Rockstar.rule,file
RuanMei.list,file
RuanMei.rule,file
SFExpress.list,file
SFExpress.rule,file
SMG.list,file
SMG.rule,file
SMZDM.list,file
SMZDM.rule,file
Salesforce.list,file
Salesforce.rule,file
Samsung.list,file
Samsung.rule,file
Scaleflex.list,file
Scaleflex.rule,file
Sectigo.list,file
Sectigo.rule,file
ShangHaiJuXiao.list,file
ShangHaiJuXiao.rule,file
Shanling.list,file
Shanling.rule,file
Sharethis.list,file
Sharethis.rule,file
ShenMa.list,file
ShenMa.rule,file
ShiJiChaoXing.list,file
ShiJiChaoXing.rule,file
ShiNongZhiKe.list,file
ShiNongZhiKe.rule,file
Shopee.list,file
Shopee.rule,file
Shopify.list,file
Shopify.rule,file
Sina.list,file
Sina.rule,file
Siri.list,file
Siri.rule,file
SkyGO.list,file
SkyGO.rule,file
Slack.list,file
Slack.rule,file
SlideShare.list,file
SlideShare.rule,file
Sling.list,file
Sling.rule,file
SmarTone.list,file
SmarTone.rule,file
Snap.list,file
Snap.rule,file
Sohu.list,file
Sohu.rule,file
Sony.list,file
Sony.rule,file
SouFang.list,file
SouFang.rule,file
SoundCloud.list,file
SoundCloud.rule,file
SourceForge.list,file
SourceForge.rule,file
Spark.list,file
Spark.rule,file
Speedtest.list,file
Speedtest.rule,file
Spotify.list,file
Spotify.rule,file
Stackexchange.list,file
Stackexchange.rule,file
StarCraftII.list,file
StarCraftII.rule,file
Starbucks.list,file
Starbucks.rule,file
Steam.list,file
Steam.rule,file
SteamCN.list,file
SteamCN.rule,file
Stripe.list,file
Stripe.rule,file
SuNing.list,file
SuNing.rule,file
SublimeText.list,file
SublimeText.rule,file
SuiShiChuanMei.list,file
SuiShiChuanMei.rule,file
Supercell.list,file
Supercell.rule,file
Synology.list,file
Synology.rule,file
SystemOTA.list,file
SystemOTA.rule,file
TCL.list,file
TCL.rule,file
TIDAL.list,file
TIDAL.rule,file
TVB.list,file
TVB.rule,file
TVer.list,file
TVer.rule,file
TaiKang.list,file
TaiKang.rule,file
TaiWanGood.list,file
TaiWanGood.rule,file
TaiheMusic.list,file
TaiheMusic.rule,file
TapTap.list,file
TapTap.rule,file
TeamViewer.list,file
TeamViewer.rule,file
Teambition.list,file
Teambition.rule,file
Teams.list,file
Teams.rule,file
Telegram.list,file
Telegram.rule,file
TelegramNL.list,file
TelegramNL.rule,file
TelegramSG.list,file
TelegramSG.rule,file
TelegramUS.list,file
TelegramUS.rule,file
Tencent.list,file
Tencent.rule,file
TencentVideo.list,file
TencentVideo.rule,file
TeraBox.list,file
TeraBox.rule,file
Tesla.list,file
Tesla.rule,file
TestFlight.list,file
TestFlight.rule,file
ThomsonReuters.list,file
ThomsonReuters.rule,file
Threads.list,file
Threads.rule,file
TianTianKanKan.list,file
TianTianKanKan.rule,file
TianWeiChengXin.list,file
TianWeiChengXin.rule,file
TianYaForum.list,file
TianYaForum.rule,file
TigerFintech.list,file
TigerFintech.rule,file
TikTok.list,file
TikTok.rule,file
Tmdb.list,file
Tmdb.rule,file
TongCheng.list,file
TongCheng.rule,file
TrollStore.MD,file
TrustWave.list,file
TrustWave.rule,file
TruthSocial.list,file
TruthSocial.rule,file
Tumblr.list,file
Tumblr.rule,file
Twitch.list,file
Twitch.rule,file
Twitter.list,file
Twitter.rule,file
U17.list,file
U17.rule,file
UBI.list,file
UBI.rule,file
UC.list,file
UC.rule,file
UCloud.list,file
UCloud.rule,file
UKMedia.list,file
UKMedia.rule,file
UPYun.list,file
UPYun.rule,file
USMedia.list,file
USMedia.rule,file
Ubisoft.list,file
Ubisoft.rule,file
Ubuntu.list,file
Ubuntu.rule,file
UnionPay.list,file
UnionPay.rule,file
Unity.list,file
Unity.rule,file
VISA.list,file
VISA.rule,file
VK.list,file
VK.rule,file
VOA.list,file
VOA.rule,file
Vancl.list,file
Vancl.rule,file
Vercel.list,file
Vercel.rule,file
Verisign.list,file
Verisign.rule,file
Verizon.list,file
Verizon.rule,file
VidolTV.list,file
VidolTV.rule,file
VikACG.list,file
VikACG.rule,file
Viki.list,file
Viki.rule,file
Vimeo.list,file
Vimeo.rule,file
VipShop.list,file
VipShop.rule,file
ViuTV.list,file
ViuTV.rule,file
Vivo.list,file
Vivo.rule,file
Voxmedia.list,file
Voxmedia.rule,file
W3schools.list,file
W3schools.rule,file
WIX.list,file
WIX.rule,file
WPS.module,file
WanKaHuanJu.list,file
WanKaHuanJu.rule,file
WanMeiShiJie.list,file
WanMeiShiJie.rule,file
Wanfang.list,file
Wanfang.rule,file
WangSuKeJi.list,file
WangSuKeJi.rule,file
WangXinKeJi.list,file
WangXinKeJi.rule,file
WeChat.list,file
WeChat.rule,file
WeTV.list,file
WeTV.rule,file
WeiZhiYunDong.list,file
WeiZhiYunDong.rule,file
Weibo.list,file
Weibo.rule,file
WeiboBlock.sgmodule,file
WenJuanXing.list,file
WenJuanXing.rule,file
Westerndigital.list,file
Westerndigital.rule,file
Whatsapp.list,file
Whatsapp.rule,file
WiFiMaster.list,file
WiFiMaster.rule,file
Wikimedia.list,file
Wikimedia.rule,file
Wikipedia.list,file
Wikipedia.rule,file
WildRift.list,file
WildRift.rule,file
WoLai.list,file
WoLai.rule,file
Wordpress.list,file
Wordpress.rule,file
WorldofWarcraft.list,file
WorldofWarcraft.rule,file
Wteam.list,file
Wteam.rule,file
Xbox.list,file
Xbox.rule,file
XiamiMusic.list,file
XiamiMusic.rule,file
XianYu.list,file
XianYu.rule,file
XiaoGouKeJi.list,file
XiaoGouKeJi.rule,file
XiaoHongShu.list,file
XiaoHongShu.rule,file
XiaoMi.list,file
XiaoMi.rule,file
XiaoYuanKeJi.list,file
XiaoYuanKeJi.rule,file
XieCheng.list,file
XieCheng.rule,file
XingKongWuXian.list,file
XingKongWuXian.rule,file
XueErSi.list,file
XueErSi.rule,file
XueQiu.list,file
XueQiu.rule,file
Xunlei.list,file
Xunlei.rule,file
YYeTs.list,file
YYeTs.rule,file
Yandex.list,file
Yandex.rule,file
YiChe.list,file
YiChe.rule,file
YiXiaKeJi.list,file
YiXiaKeJi.rule,file
YiZhiBo.list,file
YiZhiBo.rule,file
YouMengChuangXiang.list,file
YouMengChuangXiang.rule,file
YouTube.list,file
YouTube.rule,file
YouTubeAd.sgmodule,file
YouTubeMusic.list,file
YouTubeMusic.rule,file
YouZan.list,file
YouZan.rule,file
Youku.list,file
Youku.rule,file
YuanFuDao.list,file
YuanFuDao.rule,file
YunFanJiaSu.list,file
YunFanJiaSu.rule,file
ZDNS.list,file
ZDNS.rule,file
Zalo.list,file
Zalo.rule,file
Zee.list,file
Zee.rule,file
ZeeTV.list,file
ZeeTV.rule,file
Zendesk.list,file
Zendesk.rule,file
ZhangYue.list,file
ZhangYue.rule,file
ZhiYinManKe.list,file
ZhiYinManKe.rule,file
ZhiYunZhong.list,file
ZhiYunZhong.rule,file
Zhihu.list,file
Zhihu.rule,file
ZhihuBlock.sgmodule,file
ZhihuOpt.sgmodule,file
ZhongGuoShiHua.list,file
ZhongGuoShiHua.rule,file
ZhongWeiShiJi.list,file
ZhongWeiShiJi.rule,file
ZhongXingTongXun.list,file
ZhongXingTongXun.rule,file
ZhongYuanYiShang.list,file
ZhongYuanYiShang.rule,file
ZhuanZhuan.list,file
ZhuanZhuan.rule,file
Zoho.list,file
Zoho.rule,file
absqgs.module,file
accu.module,file
adguard.module,file
agenda.module,file
ai.list,file
ai.module,file
ai.rule,file
aiXcoder.list,file
aiXcoder.rule,file
alarmy.module,file
aliyun.module,file
aloha.module,file
amj.module,file
aosoft.module,file
appraven.module,file
aptv.module,file
aqc.module,file
arbc.module,file
arpdfbj.module,file
artp.module,file
audiomack.module,file
b612.module,file
baiducloud.sgmodule,file
baimiao.module,file
bazaart.module,file
bdsp.module,file
bdwk.module,file
bedtime-fan.module,file
bili-region.module,file
bili.module,file
biliad.module,file
boom.module,file
boxjs.sgmodule,file
bsxm.module,file
caixin.js,file
caixin.module,file
caiyun.module,file
caiyun_cron.module,file
calculator.module,file
calm.module,file
camscanner.sgmodule,file
cdzs.module,file
ceo.module,file
chic.module,file
clarity.module,file
collart.module,file
colorweather.module,file
colorwidgets.module,file
cp.module,file
craft.module,file
cubox.sgmodule,file
cxs.module,file
dailyyoga.module,file
dalanjing.module,file
darkroom.module,file
dayone.module,file
ddsyxj.module,file
doc.module,file
documents.module,file
douban.sgmodule,file
drafts.module,file
dsbj.module,file
dsj.module,file
duitang.module,file
dyd.js,file
dyd.module,file
dzqj.module,file
eBay.list,file
eBay.rule,file
efekt.module,file
egdd.module,file
ego.module,file
ellabook.module,file
emby.sgmodule,file
emmo.module,file
emote.module,file
endel.module,file
fabulous.module,file
faintv.module,file
fanqie.module,file
fantastical.module,file
fileball.module,file
fimo.module,file
flomo.module,file
fnv.module,file
fomz.module,file
friDay.list,file
friDay.rule,file
ft.module,file
fyjh.module,file
gddt.module,file
gql.module,file
grammarly.module,file
grow.module,file
gscdq.module,file
gzrj.module,file
hbetgs.module,file
hbgc.module,file
hbxw.module,file
hsfs.module,file
htjzb.js,file
htjzb.module,file
https.module,file
hx.module,file
hyperweb.module,file
hyxc.module,file
hyxj.module,file
hyzm.module,file
hzk.module,file
iCloud.AppStore.list,file
iCloud.AppStore.rule,file
iCloud.list,file
iCloud.rule,file
iCloudPrivateRelay.list,file
iCloudPrivateRelay.rule,file
iFlytek.list,file
iFlytek.rule,file
iQIYI.list,file
iQIYI.rule,file
iQIYIIntl.list,file
iQIYIIntl.rule,file
iTalkBB.list,file
iTalkBB.rule,file
iconkiller.module,file
ifanr.list,file
ifanr.rule,file
ilovepdf.module,file
imuseum.module,file
invideo.module,file
iscreen.module,file
jdcheckin,file
jianxun.module,file
jibjab.module,file
jjyc.module,file
jkyd.module,file
js,dir
jsgx.module,file
jssmy.module,file
judou.module,file
keep.module,file
kepai.module,file
kika.module,file
klx.js,file
klx.module,file
kprj.module,file
kuwo-unlock.sgmodule,file
kuwovip.sgmodule,file
ky.module,file
lgzj.module,file
lifeindex.js,file
lifeindex.module,file
lifeviewer.module,file
lightroom.module,file
lingokids.module,file
ljtq.module,file
lls.module,file
lsdyw.module,file
ly.module,file
mbdt.module,file
mdmanhua.module,file
mdsz.module,file
meipian.module,file
meistertask.module,file
meituxx.module,file
memrise.module,file
mht.module,file
mix-camera.module,file
mklwt.js,file
mklwt.module,file
mksp.module,file
modules,dir
mojo.module,file
molycam.module,file
mondly.module,file
moneythings.module,file
motivation.module,file
mtywj.module,file
multisearch.module,file
musixmatch.module,file
myTVSUPER.list,file
myTVSUPER.rule,file
myfitnesspal.module,file
myplate.module,file
netflix_rating.sgmodule,file
nfc.module,file
nicegram.module,file
nomocam.module,file
notability.module,file
notboring.module,file
now.module,file
nt.module,file
nybz.module,file
oil.js,file
oil.module,file
oldroll.module,file
panda.module,file
pandora.module,file
pdfviewer.module,file
peak.js,file
peak.module,file
peiyin.module,file
peiyinxiu.module,file
percento.module,file
photomath.module,file
photoshop.module,file
piccollage.module,file
picsart.module,file
pillow.js,file
pillow.module,file
pixelance.module,file
pixelcut.module,file
pixiv.js,file
pixivad.module,file
planny.module,file
pocketlists.module,file
polarr.module,file
ppx.module,file
prettyup.module,file
preview.png,file
proKnockout.js,file
proknockout.module,file
ptj.module,file
qifu.module,file
qj.module,file
qmxs.module,file
qnhb.module,file
relens.module,file
retake.module,file
rmrb.module,file
rq.module,file
rrsp.module,file
rule,dir
rzxj.module,file
sc.module,file
seven.module,file
sgsz.module,file
shadowlinkVPN.module,file
shadowrocket_basic.conf,file
sjsmy.module,file
smallpdf.module,file
smbq.module,file
smwd.module,file
smxcgj.module,file
sndd.module,file
sorted.module,file
soundcloud.module,file
spotifyVIP.module,file
spotify_lyric.module,file
ssa.module,file
startingad.module,file
stsq.module,file
styleart.module,file
substore.sgmodule,file
symbolab.module,file
tangerine.module,file
tenpercent.module,file
thunder.module,file
tianqi.js,file
tianqi.module,file
todo.module,file
tokcam.module,file
tpp.module,file
ttd.module,file
tutu.module,file
usage.module,file
varlens.module,file
vcus.module,file
vista.module,file
vivacut.module,file
vsco.module,file
wallcraft.module,file
watchout.module,file
wdfq.module,file
wdqd.module,file
wechatad.module,file
wechatread.module,file
weiboad.module,file
weibolitead.module,file
wfw.module,file
whqsy.module,file
widgetsmith.module,file
wnbsq.module,file
wnds.module,file
wps.sgmodule,file
wscsds.module,file
wsgj.module,file
wxds.module,file
wxts.module,file
xcz.module,file
xiaoying.module,file
xjsp.module,file
xmind.module,file
xmlyad.module,file
xrk.module,file
xxg.module,file
xxyq.module,file
xyts.module,file
xzj.module,file
xzjhz.module,file
yb.list,file
yczjz.module,file
ydcd.js,file
ydcd.module,file
ydybj.module,file
yifeigif.module,file
yitian.module,file
yiyan.module,file
yjhl.module,file
ymjz.module,file
youtubead.module,file
ypjj.module,file
ysyk.module,file
yunting.module,file
ywqpy.module,file
zebra.module,file
zhanqi.list,file
zhanqi.rule,file
zhitiao.module,file
zhsck.module,file
zjbj.module,file
zjsg.module,file
zt.module,file
ztc.module,file
zymk.module,file
