name,type
.github,dir
.gitignore,file
API_Server.md,file
Applet.cpp,file
Applet.h,file
Axis_Twist_Compensation.md,file
BLTouch.md,file
BTT_BTT.png,file
BUILD.bazel,file
Beaglebone.md,file
Bed_Level.md,file
Bed_Mesh.md,file
Benchmarks.md,file
Bootloader_Entry.md,file
Bootloaders.md,file
CANBUS.md,file
CANBUS_Troubleshooting.md,file
CANBUS_protocol.md,file
CMakeLists.txt,file
CNAME,file
CONTRIBUTING.md,file
COPYING,file
CmdOpts.cpp,file
CmdOpts.h,file
Code_Overview.md,file
Command_Templates.md,file
Config_Changes.md,file
Config_Reference.md,file
Config_checks.md,file
Contact.md,file
D2xNvmFlash.cpp,file
D2xNvmFlash.h,file
D5xNvmFlash.cpp,file
D5xNvmFlash.h,file
Debugging.md,file
Delta_Calibrate.md,file
Device.cpp,file
Device.h,file
Dockerfile,file
Eddy_Probe.md,file
EefcFlash.cpp,file
EefcFlash.h,file
EfcFlash.cpp,file
EfcFlash.h,file
Endstop_Phase.md,file
Example_Configs.md,file
Exclude_Object.md,file
FAQ.md,file
FUNDING.yml,file
Features.md,file
FileError.h,file
Flash.cpp,file
Flash.h,file
Flasher.cpp,file
Flasher.h,file
G-Codes.md,file
Hall_Filament_Width_Sensor.md,file
ISSUE_TEMPLATE,dir
Installation.md,file
Kconfig,file
Kinematics.md,file
LICENSE,file
LICENSE.txt,file
LPC17xx.h,file
LinuxPortFactory.cpp,file
LinuxPortFactory.h,file
MCU_Commands.md,file
Makefile,file
Manual_Level.md,file
Measuring_Resonances.md,file
Multi_MCU_Homing.md,file
OctoPrint.md,file
Overview.md,file
Packaging.md,file
PortFactory.h,file
PosixSerialPort.cpp,file
PosixSerialPort.h,file
Pressure_Advance.md,file
Probe_Calibrate.md,file
Protocol.md,file
README,file
README.md,file
RP2040.h,file
RP2350.h,file
RPi_microcontroller.md,file
ReadMe.txt,file
Releases.md,file
Resonance_Compensation.md,file
Rotation_Distance.md,file
SDCard_Updates.md,file
Samba.cpp,file
Samba.h,file
SerialPort.h,file
Skew_Correction.md,file
Slicers.md,file
Sponsors.md,file
Status_Reference.md,file
TMC_Drivers.md,file
TSL1401CL_Filament_Width_Sensor.md,file
Using_PWM_Tools.md,file
WordCopyApplet.cpp,file
WordCopyApplet.h,file
WordCopyArm.asm,file
WordCopyArm.cpp,file
WordCopyArm.h,file
__init__.py,file
_klipper3d,dir
ac.h,file
acc.h,file
accessctrl.h,file
ad5206.py,file
adaptive_bed_mesh.svg,file
adaptive_bed_mesh_margin.svg,file
adc.c,file
adc.h,file
adc0.h,file
adc1.h,file
adc_scaled.py,file
adc_temperature.py,file
adccmds.c,file
address_mapped.h,file
addresses.h,file
addressmap.h,file
ads1220.py,file
adxl345-fritzing.png,file
adxl345-mount.jpg,file
adxl345-pico.png,file
adxl345.py,file
aes.h,file
afec.h,file
afec0.h,file
afec1.h,file
aht10.py,file
aip31068_spi.py,file
alloc.c,file
am335x,dir
analog.c,file
analyzers.py,file
angle.py,file
ar100,dir
ar100.config,file
ar100.ld,file
armcm_boot.c,file
armcm_boot.h,file
armcm_irq.c,file
armcm_link.lds.S,file
armcm_reset.c,file
armcm_reset.h,file
armcm_timer.c,file
armcm_timer.h,file
asm,dir
asm_helper.S,file
asminclude,dir
at90usb1286.config,file
atmega1280.config,file
atmega1284p.config,file
atmega2560.config,file
atmega328.config,file
atmega644p.config,file
atsam,dir
atsamd,dir
attach-issue.png,file
avr,dir
avrsim.py,file
axis_twist_compensation.py,file
basecmd.c,file
basecmd.h,file
bed_mesh.py,file
bed_screws.cfg,file
bed_screws.py,file
bed_screws.svg,file
bed_screws.svg.png,file
bed_screws.test,file
bed_tilt.py,file
bedmesh_faulty_regions.svg,file
bedmesh_interpolated.svg,file
bedmesh_rect_basic.svg,file
bedmesh_round_basic.svg,file
big.gcode,file
bltouch.cfg,file
bltouch.py,file
bltouch.test,file
bme280.py,file
board_defs.py,file
board_pins.py,file
boot,dir
boot2_at25sf128a.S,file
boot2_generic_03h.S,file
boot2_helpers,dir
boot2_is25lp080.S,file
boot2_usb_blinky.S,file
boot2_w25q080.S,file
boot2_w25x10cl.S,file
boot_stage2,dir
boot_stage2.ld,file
bootram.h,file
bootrom.c,file
bootrom_constants.h,file
bossac,dir
bossac.cpp,file
build-test.yaml,file
build-translations.sh,file
buildcommands.py,file
bulk_sensor.py,file
bus.py,file
bus_ctrl.h,file
busctrl.h,file
buttons.c,file
buttons.py,file
byteorder.h,file
cachel1_armv7.h,file
calibrate-x-max-smoothing.png,file
calibrate-x.png,file
calibrate-y.png,file
calibrate_shaper.py,file
calibrate_size.scad,file
calibrate_size.stl,file
can.c,file
can.h,file
can0.h,file
can1.h,file
can2040,dir
can2040.c,file
can2040.h,file
canboot,dir
canbus.c,file
canbus.h,file
canbus_ids.py,file
canbus_query.py,file
canserial.c,file
canserial.h,file
cartesian.py,file
ccl.h,file
changes.diff,file
check-gcc.sh,file
check_whitespace.py,file
check_whitespace.sh,file
checkstack.py,file
chelper,dir
chipid.c,file
chipid.h,file
ci-build.sh,file
ci-install.sh,file
clock.c,file
clockline.c,file
clocks.h,file
clocksync.py,file
cmcc.h,file
cmsis-core,dir
cmsis_compiler.h,file
cmsis_gcc.h,file
cmsis_include,dir
cmsis_version.h,file
command.c,file
command.h,file
commands.test,file
common,dir
compile_time_choice.S,file
compiler.h,file
component,dir
component-version.h,file
config,dir
config.h,file
config.yml,file
configfile.py,file
configs,dir
console.c,file
console.py,file
controller_fan.py,file
core_cm0.h,file
core_cm0plus.h,file
core_cm3.h,file
core_cm33.h,file
core_cm4.h,file
core_cm7.h,file
coresight_trace.h,file
corexy.py,file
corexz.py,file
corner-blob.jpg,file
corner-dimple.jpg,file
corner-good.jpg,file
corner.svg,file
corner.svg.png,file
crc16_ccitt.c,file
crccu.h,file
css,dir
ctr.h,file
dac.h,file
dac084S085.py,file
dacc.h,file
data_logger.py,file
debugcmds.c,file
delayed_gcode.py,file
delta-a-distance.jpg,file
delta-a-pillar.jpg,file
delta-outer-distance.jpg,file
delta-outer-pillar.jpg,file
delta.py,file
delta.test,file
delta_cal_e_step1.png,file
delta_cal_e_step2.png,file
delta_cal_e_step3.png,file
delta_cal_e_step4.png,file
delta_calibrate.cfg,file
delta_calibrate.py,file
delta_calibrate.test,file
deltesian.py,file
deprecated,dir
developer-certificate-of-origin,file
device,dir
dfu_reboot.c,file
diskio.h,file
display,dir
display.cfg,file
display.py,file
display_status.py,file
divas.h,file
dma.h,file
dma_debug.h,file
dmac.h,file
doc.h,file
docs,dir
dotstar.py,file
dreq.h,file
driver,dir
ds18b20.py,file
dsu.h,file
dual_carriage.cfg,file
dual_carriage.test,file
dump_mcu.py,file
duplicate_pin_override.py,file
efc.h,file
efc0.h,file
efc1.h,file
eic.h,file
elf.h,file
elf2uf2,dir
emac.h,file
endstop.c,file
endstop_phase.py,file
error_mcu.py,file
evsys.h,file
example-cartesian.cfg,file
example-corexy.cfg,file
example-corexz.cfg,file
example-delta.cfg,file
example-deltesian.cfg,file
example-extras.cfg,file
example-hybrid-corexy.cfg,file
example-hybrid-corexz.cfg,file
example-polar.cfg,file
example-rotary-delta.cfg,file
example-winch.cfg,file
example.cfg,file
exclude_object.cfg,file
exclude_object.py,file
exclude_object.test,file
exit_from_boot2.S,file
extra.css,file
extras,dir
extruder.py,file
extruder_stepper.py,file
extruders.cfg,file
extruders.test,file
fan.py,file
fan_generic.py,file
fast-hash,dir
fasthash.c,file
fasthash.h,file
fatfs,dir
fatfs_api.c,file
fatfs_api.h,file
fatfs_lib.py,file
favicon.ico,file
fdcan.c,file
ff.c,file
ff.h,file
ffconf.h,file
ffsystem.c,file
ffunicode.c,file
filament_motion_sensor.py,file
filament_switch_sensor.py,file
firmware_retraction.py,file
flash-ar100.py,file
flash-linux.sh,file
flash-pru.sh,file
flash-sdcard.sh,file
flash_can.py,file
flash_rp2040_FLASH_DEVICE.png,file
flash_usb.py,file
font8x14.py,file
force_move.py,file
freqm.h,file
gcc,dir
gclk.h,file
gcode.py,file
gcode_arcs.cfg,file
gcode_arcs.py,file
gcode_arcs.test,file
gcode_button.py,file
gcode_macro.py,file
gcode_move.py,file
genconfig.py,file
generic,dir
generic-I3DBEEZ9.cfg,file
generic-alligator-r2.cfg,file
generic-alligator-r3.cfg,file
generic-archim2.cfg,file
generic-azteeg-x5-mini-v3.cfg,file
generic-bigtreetech-e3-rrf-v1.1.cfg,file
generic-bigtreetech-gtr.cfg,file
generic-bigtreetech-manta-e3ez.cfg,file
generic-bigtreetech-manta-m4p.cfg,file
generic-bigtreetech-manta-m5p.cfg,file
generic-bigtreetech-manta-m8p-v1.0.cfg,file
generic-bigtreetech-manta-m8p-v1.1.cfg,file
generic-bigtreetech-octopus-max-ez.cfg,file
generic-bigtreetech-octopus-pro-v1.0.cfg,file
generic-bigtreetech-octopus-pro-v1.1.cfg,file
generic-bigtreetech-octopus-v1.1.cfg,file
generic-bigtreetech-skr-2.cfg,file
generic-bigtreetech-skr-3.cfg,file
generic-bigtreetech-skr-cr6-v1.0.cfg,file
generic-bigtreetech-skr-e3-dip.cfg,file
generic-bigtreetech-skr-e3-turbo.cfg,file
generic-bigtreetech-skr-mini-e3-v1.0.cfg,file
generic-bigtreetech-skr-mini-e3-v1.2.cfg,file
generic-bigtreetech-skr-mini-e3-v2.0.cfg,file
generic-bigtreetech-skr-mini-e3-v3.0.cfg,file
generic-bigtreetech-skr-mini-mz.cfg,file
generic-bigtreetech-skr-mini.cfg,file
generic-bigtreetech-skr-pico-v1.0.cfg,file
generic-bigtreetech-skr-pro.cfg,file
generic-bigtreetech-skr-v1.1.cfg,file
generic-bigtreetech-skr-v1.3.cfg,file
generic-bigtreetech-skr-v1.4.cfg,file
generic-cramps.cfg,file
generic-creality-v4.2.10.cfg,file
generic-creality-v4.2.7.cfg,file
generic-duet2-duex.cfg,file
generic-duet2-maestro.cfg,file
generic-duet2.cfg,file
generic-duet3-6hc.cfg,file
generic-duet3-6xd.cfg,file
generic-duet3-mini.cfg,file
generic-einsy-rambo.cfg,file
generic-flyboard.cfg,file
generic-fysetc-cheetah-v1.1.cfg,file
generic-fysetc-cheetah-v1.2.cfg,file
generic-fysetc-cheetah-v2.0.cfg,file
generic-fysetc-f6.cfg,file
generic-fysetc-s6-v2.cfg,file
generic-fysetc-s6.cfg,file
generic-fysetc-spider.cfg,file
generic-gt2560.cfg,file
generic-ldo-leviathan-v1.2.cfg,file
generic-mellow-fly-cdy-v3.cfg,file
generic-mellow-fly-e3-v2.cfg,file
generic-mellow-fly-gemini-v1.cfg,file
generic-mellow-fly-gemini-v2.cfg,file
generic-mellow-super-infinty-hv.cfg,file
generic-melzi.cfg,file
generic-mightyboard.cfg,file
generic-mini-rambo.cfg,file
generic-minitronics1.cfg,file
generic-mks-monster8.cfg,file
generic-mks-robin-e3.cfg,file
generic-mks-robin-nano-v1.cfg,file
generic-mks-robin-nano-v2.cfg,file
generic-mks-robin-nano-v3.cfg,file
generic-mks-rumba32-v1.0.cfg,file
generic-mks-sgenl.cfg,file
generic-printrboard-g2.cfg,file
generic-printrboard.cfg,file
generic-prusa-buddy.cfg,file
generic-radds.cfg,file
generic-rambo.cfg,file
generic-ramps.cfg,file
generic-re-arm.cfg,file
generic-remram.cfg,file
generic-replicape.cfg,file
generic-rumba.cfg,file
generic-ruramps-v1.3.cfg,file
generic-simulavr.cfg,file
generic-smoothieboard.cfg,file
generic-th3d-ezboard-lite-v1.2.cfg,file
generic-th3d-ezboard-v2.0.cfg,file
generic-ultimaker-ultimainboard-v2.cfg,file
glitch_detector.h,file
gmac.h,file
gpbr.h,file
gpio.c,file
gpio.h,file
gpiocmds.c,file
gpioperiph.c,file
graph_accelerometer.py,file
graph_extruder.py,file
graph_mesh.py,file
graph_motion.py,file
graph_shaper.py,file
graph_temp_sensor.py,file
graphstats.py,file
hall_filament_width_sensor.py,file
hard_pwm.c,file
hardware,dir
hc32_common.h,file
hc32f460,dir
hc32f460-serial-PA3PA2.config,file
hc32f460-serial-PA7PA8.config,file
hc32f460.h,file
hc32f460_adc.c,file
hc32f460_adc.h,file
hc32f460_aes.c,file
hc32f460_aes.h,file
hc32f460_can.c,file
hc32f460_can.h,file
hc32f460_clk.c,file
hc32f460_clk.h,file
hc32f460_cmp.c,file
hc32f460_cmp.h,file
hc32f460_crc.c,file
hc32f460_crc.h,file
hc32f460_dcu.c,file
hc32f460_dcu.h,file
hc32f460_dmac.c,file
hc32f460_dmac.h,file
hc32f460_efm.c,file
hc32f460_efm.h,file
hc32f460_emb.c,file
hc32f460_emb.h,file
hc32f460_event_port.c,file
hc32f460_event_port.h,file
hc32f460_exint_nmi_swi.c,file
hc32f460_exint_nmi_swi.h,file
hc32f460_gpio.c,file
hc32f460_gpio.h,file
hc32f460_hash.c,file
hc32f460_hash.h,file
hc32f460_i2c.c,file
hc32f460_i2c.h,file
hc32f460_i2s.c,file
hc32f460_i2s.h,file
hc32f460_icg.c,file
hc32f460_icg.h,file
hc32f460_interrupts.c,file
hc32f460_interrupts.h,file
hc32f460_keyscan.c,file
hc32f460_keyscan.h,file
hc32f460_mpu.c,file
hc32f460_mpu.h,file
hc32f460_ots.c,file
hc32f460_ots.h,file
hc32f460_pwc.c,file
hc32f460_pwc.h,file
hc32f460_qspi.c,file
hc32f460_qspi.h,file
hc32f460_rmu.c,file
hc32f460_rmu.h,file
hc32f460_rtc.c,file
hc32f460_rtc.h,file
hc32f460_sdioc.c,file
hc32f460_sdioc.h,file
hc32f460_spi.c,file
hc32f460_spi.h,file
hc32f460_sram.c,file
hc32f460_sram.h,file
hc32f460_swdt.c,file
hc32f460_swdt.h,file
hc32f460_timer0.c,file
hc32f460_timer0.h,file
hc32f460_timer4_cnt.c,file
hc32f460_timer4_cnt.h,file
hc32f460_timer4_emb.c,file
hc32f460_timer4_emb.h,file
hc32f460_timer4_oco.c,file
hc32f460_timer4_oco.h,file
hc32f460_timer4_pwm.c,file
hc32f460_timer4_pwm.h,file
hc32f460_timer4_sevt.c,file
hc32f460_timer4_sevt.h,file
hc32f460_timer6.c,file
hc32f460_timer6.h,file
hc32f460_timera.c,file
hc32f460_timera.h,file
hc32f460_trng.c,file
hc32f460_trng.h,file
hc32f460_usart.c,file
hc32f460_usart.h,file
hc32f460_utility.c,file
hc32f460_utility.h,file
hc32f460_wdt.c,file
hc32f460_wdt.h,file
hd44780.py,file
hd44780_spi.py,file
heater_bed.py,file
heater_fan.py,file
heater_generic.py,file
heaters.py,file
hid-libusb.c,file
hid-mac.c,file
hid-win.c,file
hidapi.h,file
hidflash,dir
hmatrix.h,file
hmatrixb.h,file
hmatrixhs.h,file
homing.py,file
homing_heaters.py,file
homing_override.py,file
hostsimulator.config,file
hsmci.h,file
hstx_ctrl.h,file
hstx_fifo.h,file
htu21d.py,file
hub-ctrl,dir
hub-ctrl.c,file
hx71x.py,file
hybrid_corexy.py,file
hybrid_corexy_dual_carriage.cfg,file
hybrid_corexy_dual_carriage.test,file
hybrid_corexz.py,file
i2c.c,file
i2c.h,file
i2c_software.c,file
i2c_software.h,file
i2ccmds.c,file
i2ccmds.h,file
i2s.h,file
i2sc.h,file
i2sc0.h,file
i2sc1.h,file
icm.h,file
idex_modes.py,file
idle_timeout.py,file
img,dir
inc,dir
include,dir
index.md,file
initial_pins.c,file
initial_pins.h,file
input_shaper.cfg,file
input_shaper.py,file
input_shaper.test,file
install-arch.sh,file
install-beaglebone.sh,file
install-centos.sh,file
install-debian.sh,file
install-octopi.sh,file
install-ubuntu-18.04.sh,file
install-ubuntu-22.04.sh,file
instance,dir
intc_map_0.h,file
intctrl.h,file
internal.h,file
interp.h,file
interrupts.c,file
invalid-label-bot.yaml,file
io.h,file
io_bank0.h,file
io_qspi.h,file
iobank0.h,file
ioqspi.h,file
irq.h,file
isi.h,file
itersolve.c,file
itersolve.h,file
kconfiglib,dir
kconfiglib.patch,file
kconfiglib.py,file
kin_cartesian.c,file
kin_corexy.c,file
kin_corexz.c,file
kin_delta.c,file
kin_deltesian.c,file
kin_extruder.c,file
kin_idex.c,file
kin_polar.c,file
kin_rotary_delta.c,file
kin_shaper.c,file
kin_winch.c,file
kinematics,dir
kit-voron2-250mm.cfg,file
kit-zav3d-2019.cfg,file
klipper-logo-small.png,file
klipper-logo.png,file
klipper-mcu.service,file
klipper-pru-start.sh,file
klipper-start.sh,file
klipper-uninstall.sh,file
klipper.svg,file
klipper3d-deploy.yaml,file
klipper_pico_menuconfig.png,file
klippy,dir
klippy-requirements.txt,file
klippy.py,file
lcd_hd44780.c,file
lcd_st7920.c,file
ldc1612.py,file
led.cfg,file
led.py,file
led.test,file
lib,dir
linux,dir
linuxprocess.config,file
linuxtest.cfg,file
linuxtest.test,file
lis2dw.py,file
lis3dh.py,file
list.h,file
lm75.py,file
load_cell.cfg,file
load_cell.py,file
load_cell.test,file
logextract.py,file
lookahead-slow.svg,file
lookahead-slow.svg.png,file
lookahead.svg,file
lookahead.svg.png,file
lpc176x,dir
lpc176x.config,file
lpc176x.patch,file
m0plus.h,file
m33.h,file
m33_eppb.h,file
macros.S,file
macros.cfg,file
macros.test,file
main.c,file
main.cpp,file
make_version.py,file
manual_probe.py,file
manual_stepper.cfg,file
manual_stepper.py,file
manual_stepper.test,file
mathutil.py,file
matrix.h,file
mcan.h,file
mcan0.h,file
mcan1.h,file
mclk.h,file
mcp4018.py,file
mcp4451.py,file
mcp4728.py,file
mcu,dir
mcu.py,file
menu.cfg,file
menu.py,file
menu_keys.py,file
menuconfig.py,file
misc.h,file
mkdocs-requirements.txt,file
mkdocs.yml,file
mkdocs_hooks.py,file
motan,dir
motan_graph.py,file
motion_report.py,file
move.gcode,file
mpu.h,file
mpu9250-PI-fritzing.png,file
mpu9250-PICO-fritzing.png,file
mpu9250.py,file
mpu_armv7.h,file
mpu_armv8.h,file
msgblock.c,file
msgblock.h,file
msgproto.py,file
mtb.h,file
multi_pin.py,file
multi_z.cfg,file
multi_z.test,file
n32g45x,dir
n32g45x_adc.c,file
n32g45x_adc.h,file
neopixel.c,file
neopixel.py,file
none.py,file
nvic.h,file
nvmctrl.h,file
obico-light-horizontal.png,file
octoprint-temperature.png,file
olddefconfig.py,file
ooze.svg,file
ooze.svg.png,file
osc32kctrl.h,file
oscctrl.h,file
otp.h,file
otp_data.h,file
out_of_bounds.test,file
output_pin.py,file
pac.h,file
pac0.h,file
pac1.h,file
pac2.h,file
pad_checksum,file
pads_bank0.h,file
pads_qspi.h,file
padsbank0.h,file
palette2.py,file
paper-test.jpg,file
parsecandump.py,file
parsedump.py,file
pause_resume.py,file
pca9533.py,file
pca9632.py,file
pca9685.c,file
pcc.h,file
pdc.h,file
pdec.h,file
peopoly-logo.png,file
pgm.h,file
pico,dir
pico-sdk,dir
pico-sdk.patch,file
picoboot.h,file
picoboot_connection.c,file
picoboot_connection.h,file
picoboot_constants.h,file
pid_calibrate.py,file
pins.py,file
pio,dir
pio.h,file
pioa.h,file
piob.h,file
pioc.h,file
piod.h,file
pioe.h,file
piof.h,file
platform.h,file
platform_defs.h,file
pll.h,file
pm.h,file
pmc.h,file
polar.py,file
polar.test,file
pollreactor.c,file
pollreactor.h,file
port.h,file
powman.h,file
pressure-velocity.png,file
pressure_advance.cfg,file
pressure_advance.test,file
print_stats.py,file
printer-adimlab-2018.cfg,file
printer-alfawise-u30-2018.cfg,file
printer-anet-a4-2018.cfg,file
printer-anet-a8-2017.cfg,file
printer-anet-a8-2019.cfg,file
printer-anet-e10-2018.cfg,file
printer-anet-e16-2019.cfg,file
printer-anycubic-4max-2018.cfg,file
printer-anycubic-4maxpro-2.0-2021.cfg,file
printer-anycubic-i3-mega-2017.cfg,file
printer-anycubic-kobra-go-2022.cfg,file
printer-anycubic-kobra-plus-2022.cfg,file
printer-anycubic-kossel-2016.cfg,file
printer-anycubic-kossel-plus-2017.cfg,file
printer-anycubic-vyper-2021.cfg,file
printer-artillery-genius-pro-2022.cfg,file
printer-artillery-sidewinder-x2-2022.cfg,file
printer-artillery-sidewinder-x3-plus-2024.cfg,file
printer-biqu-b1-se-plus-2022.cfg,file
printer-biqu-bx-2021.cfg,file
printer-bq-hephestos-2014.cfg,file
printer-creality-cr10-2017.cfg,file
printer-creality-cr10-smart-pro-2022.cfg,file
printer-creality-cr10-v3-2020.cfg,file
printer-creality-cr10mini-2017.cfg,file
printer-creality-cr10s-2017.cfg,file
printer-creality-cr10s-pro-v2-2020.cfg,file
printer-creality-cr20-2018.cfg,file
printer-creality-cr20-pro-2019.cfg,file
printer-creality-cr30-2021.cfg,file
printer-creality-cr5pro-ht-2022.cfg,file
printer-creality-cr6se-2020.cfg,file
printer-creality-cr6se-2021.cfg,file
printer-creality-ender2-2017.cfg,file
printer-creality-ender2pro-2021.cfg,file
printer-creality-ender2pro-hc32-2022.cfg,file
printer-creality-ender3-2018.cfg,file
printer-creality-ender3-s1-2021.cfg,file
printer-creality-ender3-s1plus-2022.cfg,file
printer-creality-ender3-v2-2020.cfg,file
printer-creality-ender3-v2-neo-2022.cfg,file
printer-creality-ender3max-2021.cfg,file
printer-creality-ender3pro-2020.cfg,file
printer-creality-ender5-2019.cfg,file
printer-creality-ender5-s1-2023.cfg,file
printer-creality-ender5plus-2019.cfg,file
printer-creality-ender5pro-2020.cfg,file
printer-creality-ender6-2020.cfg,file
printer-creality-sermoonD1-2021.cfg,file
printer-creality-sermoonV1-2022.cfg,file
printer-elegoo-neptune2-2021.cfg,file
printer-elegoo-neptune3-pro-2023.cfg,file
printer-eryone-er20-2021.cfg,file
printer-eryone-thinker-series-v2-2020.cfg,file
printer-flashforge-creator-pro-2018.cfg,file
printer-flsun-q5-2020.cfg,file
printer-flsun-qqs-2020.cfg,file
printer-fokoos-odin5-f3-2021.cfg,file
printer-geeetech-301-2019.cfg,file
printer-hiprecy-leo-2019.cfg,file
printer-kingroon-kp3s-2020.cfg,file
printer-longer-lk4-pro-2019.cfg,file
printer-longer-lk4x-2022.cfg,file
printer-lulzbot-mini1-2016.cfg,file
printer-lulzbot-mini2-2018.cfg,file
printer-lulzbot-taz6-2017.cfg,file
printer-lulzbot-taz6-dual-v3-2017.cfg,file
printer-makergear-m2-2012.cfg,file
printer-makergear-m2-2016.cfg,file
printer-micromake-d1-2016.cfg,file
printer-modix-big60-2020.cfg,file
printer-monoprice-mini-delta-2017.cfg,file
printer-monoprice-select-mini-v1-2016.cfg,file
printer-monoprice-select-mini-v2-2018.cfg,file
printer-mtw-create-2015.cfg,file
printer-prusa-mini-plus-2020.cfg,file
printer-ratrig-v-minion-2021.cfg,file
printer-robo3d-r2-2017.cfg,file
printer-seemecnc-rostock-max-v2-2015.cfg,file
printer-sovol-sv01-2020.cfg,file
printer-sovol-sv05-2022.cfg,file
printer-sovol-sv06-2022.cfg,file
printer-sovol-sv06-plus-2023.cfg,file
printer-sunlu-s8-2020.cfg,file
printer-sunlu-t3-2022.cfg,file
printer-tevo-flash-2018.cfg,file
printer-tevo-tarantula-pro-2020.cfg,file
printer-tronxy-crux1-2022.cfg,file
printer-tronxy-p802e-2020.cfg,file
printer-tronxy-p802m-2020.cfg,file
printer-tronxy-x5s-2018.cfg,file
printer-tronxy-x5sa-pro-2020.cfg,file
printer-tronxy-x5sa-v6-2019.cfg,file
printer-tronxy-x8-2018.cfg,file
printer-tronxy-xy-2-Pro-2020.cfg,file
printer-twotrees-sapphire-plus-sp-5-v1-2020.cfg,file
printer-twotrees-sapphire-plus-sp-5-v1.1-2021.cfg,file
printer-twotrees-sapphire-pro-sp-3-2020.cfg,file
printer-velleman-k8200-2013.cfg,file
printer-velleman-k8800-2017.cfg,file
printer-voxelab-aquila-2021.cfg,file
printer-wanhao-duplicator-6-2016.cfg,file
printer-wanhao-duplicator-9-2018.cfg,file
printer-wanhao-duplicator-i3-mini-2017.cfg,file
printer-wanhao-duplicator-i3-plus-2017.cfg,file
printer-wanhao-duplicator-i3-plus-mark2-2019.cfg,file
printer-wanhao-duplicator-i3-v2.1-2017.cfg,file
printers.test,file
prints,dir
probe.py,file
probe_eddy_current.py,file
pru,dir
pru.config,file
pru.lds,file
pru0.c,file
pru_iep.h,file
pru_rpmsg,dir
pru_rpmsg.c,file
pru_rpmsg.h,file
pru_rpmsg.patch,file
pru_types.h,file
pru_virtio_ids.h,file
pru_virtio_ring.h,file
pru_virtqueue.c,file
pru_virtqueue.h,file
psm.h,file
ptc.h,file
pukcc.h,file
pulse_counter.c,file
pulse_counter.py,file
pulseview-canbus.png,file
pwm.cfg,file
pwm.h,file
pwm.test,file
pwm0.h,file
pwm1.h,file
pwm_cycle_time.py,file
pwm_tool.py,file
pwmcmds.c,file
pyhelper.c,file
pyhelper.h,file
qmi.h,file
qspi.h,file
quad_gantry_level.py,file
quad_gantry_level.test,file
query_adc.py,file
query_endstops.py,file
queuelogger.py,file
ramecc.h,file
reactor.py,file
read_flash_sreg.S,file
readlog.py,file
regs,dir
replicape.py,file
resets.h,file
resonance_tester.py,file
resource_table.h,file
respond.py,file
reviewer-needed-label.yaml,file
ringing-3dbenchy.jpg,file
ringing-mark.jpg,file
ringing-measure.jpg,file
ringing-test.jpg,file
ringing_tower.stl,file
riscv_dm.h,file
rosc.h,file
rotary_delta.py,file
rotary_delta_calibrate.cfg,file
rotary_delta_calibrate.test,file
rp2040,dir
rp2040.config,file
rp2040_flash,dir
rp2350,dir
rp2350_bootrom.c,file
rp_ap.h,file
rpxxxx_link.lds.S,file
rs232.c,file
rs232.h,file
rsc_types.h,file
rstc.h,file
rswdt.h,file
rtc.h,file
rtt.h,file
runtime.S,file
rvcsr.h,file
safe_z_home.py,file
sam.h,file
sam3_usb.c,file
sam3x,dir
sam3x4c.h,file
sam3x4e.h,file
sam3x8c.config,file
sam3x8c.h,file
sam3x8e.config,file
sam3x8e.h,file
sam3x8h.h,file
sam3xa.h,file
sam4_cache.c,file
sam4_usb.c,file
sam4e,dir
sam4e.h,file
sam4e.patch,file
sam4e16c.h,file
sam4e16e.h,file
sam4e8c.h,file
sam4e8e.config,file
sam4e8e.h,file
sam4e_afec.c,file
sam4s,dir
sam4s.h,file
sam4s16b.h,file
sam4s16c.h,file
sam4s2a.h,file
sam4s2b.h,file
sam4s2c.h,file
sam4s4a.h,file
sam4s4b.h,file
sam4s4c.h,file
sam4s8b.h,file
sam4s8c.config,file
sam4s8c.h,file
sam4s_sysinit.c,file
sam4sa16b.h,file
sam4sa16c.h,file
sam4sd16b.h,file
sam4sd16c.h,file
sam4sd32b.h,file
sam4sd32c.h,file
samc21,dir
samc21.h,file
samc21.patch,file
samc21_clock.c,file
samc21e15a.h,file
samc21e16a.h,file
samc21e17a.h,file
samc21e18a.h,file
samc21g15a.h,file
samc21g16a.h,file
samc21g17a.h,file
samc21g18a.h,file
samc21j15a.h,file
samc21j16a.h,file
samc21j17a.h,file
samc21j17au.h,file
samc21j18a.h,file
samc21j18au.h,file
samd21,dir
samd21.h,file
samd21a,dir
samd21e15a.h,file
samd21e16a.h,file
samd21e17a.h,file
samd21e18a.h,file
samd21g15a.h,file
samd21g16a.h,file
samd21g17a.h,file
samd21g17au.h,file
samd21g18.config,file
samd21g18a.h,file
samd21g18au.h,file
samd21j15a.h,file
samd21j16a.h,file
samd21j17a.h,file
samd21j18a.h,file
samd51,dir
samd51.h,file
samd51_clock.c,file
samd51_watchdog.c,file
samd51a,dir
samd51g18a.h,file
samd51g19a.h,file
samd51j18a.h,file
samd51j19a.h,file
samd51j20a.h,file
samd51n19a.h,file
samd51n20a.h,file
samd51p19a.h,file
samd51p20.config,file
samd51p20a.h,file
samd_sercom.py,file
same51,dir
same51.h,file
same51g18a.h,file
same51g19a.h,file
same51j18a.h,file
same51j19a.h,file
same51j20a.h,file
same51n19a.h,file
same51n20a.h,file
same54,dir
same54.h,file
same54n19a.h,file
same54n20a.h,file
same54p19a.h,file
same54p20a.h,file
same70_afec.h,file
same70_i2c.h,file
same70_link.lds.S,file
same70_sysinit.c,file
same70_usb.h,file
same70b,dir
same70j19b.h,file
same70j20b.h,file
same70j21b.h,file
same70n19b.h,file
same70n20b.h,file
same70n21b.h,file
same70q19b.h,file
same70q20b.config,file
same70q20b.h,file
same70q21b.h,file
sample-aliases.cfg,file
sample-bigtreetech-ebb-canbus-v1.0.cfg,file
sample-bigtreetech-ebb-canbus-v1.1.cfg,file
sample-bigtreetech-ebb-canbus-v1.2.cfg,file
sample-bigtreetech-ebb-sb-canbus-v1.0.cfg,file
sample-bigtreetech-exp-mot.cfg,file
sample-bigtreetech-hermit-crab-canbus.cfg,file
sample-duet3-1lc.cfg,file
sample-glyphs.cfg,file
sample-huvud-v0.61.cfg,file
sample-idex.cfg,file
sample-lcd.cfg,file
sample-macros.cfg,file
sample-mmu2s-diy.cfg,file
sample-multi-extruder.cfg,file
sample-multi-mcu.cfg,file
sample-probe-as-z-endstop.cfg,file
sample-pwm-tool.cfg,file
sample-raspberry-pi.cfg,file
sau.h,file
save_variables.py,file
sbmatrix.h,file
scb.h,file
sched.c,file
sched.h,file
screws_tilt_adjust.cfg,file
screws_tilt_adjust.py,file
screws_tilt_adjust.test,file
scripts,dir
sdadc.h,file
sdcard_loop,dir
sdcard_loop.cfg,file
sdcard_loop.py,file
sdcard_loop.test,file
sdhc.h,file
sdhc0.h,file
sdhc1.h,file
sdio.c,file
sdio.h,file
sdiocmds.c,file
sdiocmds.h,file
sdramc.h,file
sensor_ads1220.c,file
sensor_adxl345.c,file
sensor_angle.c,file
sensor_bulk.c,file
sensor_bulk.h,file
sensor_ds18b20.c,file
sensor_hx71x.c,file
sensor_ldc1612.c,file
sensor_lis2dw.c,file
sensor_mpu9250.c,file
sercom.c,file
sercom.h,file
sercom0.h,file
sercom1.h,file
sercom2.h,file
sercom3.h,file
sercom4.h,file
sercom5.h,file
sercom6.h,file
sercom7.h,file
serial.c,file
serial.h,file
serial_irq.c,file
serial_irq.h,file
serialhdl.py,file
serialqueue.c,file
serialqueue.h,file
servo.py,file
sha256.h,file
shaper-smoothing.jpg,file
shaper_calibrate.py,file
shaper_defs.py,file
sht3x.py,file
simulator,dir
sio.h,file
skew_correction.py,file
skew_lengths.png,file
smart_effector.py,file
smc.h,file
smoothed.svg,file
smoothed.svg.png,file
smoothing-test.png,file
spi.c,file
spi.h,file
spi0.h,file
spi1.h,file
spi_flash,dir
spi_flash.py,file
spi_software.c,file
spi_software.h,file
spi_temperature.py,file
spicmds.c,file
spicmds.h,file
spidev.c,file
sponsors,dir
spr.h,file
square.scad,file
square.stl,file
square_tower.scad,file
square_tower.stl,file
src,dir
ssc.h,file
ssi.h,file
st7920.py,file
stale-issue-bot.yaml,file
start.S,file
static_digital_output.py,file
statistics.py,file
stepcompress.c,file
stepcompress.h,file
stepper.c,file
stepper.h,file
stepper.py,file
stepper_enable.py,file
stepstats.py,file
stm32,dir
stm32f0,dir
stm32f0.c,file
stm32f030x6.h,file
stm32f030x8.h,file
stm32f030xc.h,file
stm32f031.config,file
stm32f031x6.h,file
stm32f038xx.h,file
stm32f042.config,file
stm32f042x6.h,file
stm32f048xx.h,file
stm32f051x8.h,file
stm32f058xx.h,file
stm32f070.config,file
stm32f070x6.h,file
stm32f070xb.h,file
stm32f071xb.h,file
stm32f072xb.h,file
stm32f078xx.h,file
stm32f091xc.h,file
stm32f098xx.h,file
stm32f0_adc.c,file
stm32f0_i2c.c,file
stm32f0_serial.c,file
stm32f0_timer.c,file
stm32f0xx.h,file
stm32f1,dir
stm32f1.c,file
stm32f100xb.h,file
stm32f100xe.h,file
stm32f101x6.h,file
stm32f101xb.h,file
stm32f101xe.h,file
stm32f101xg.h,file
stm32f102x6.h,file
stm32f102xb.h,file
stm32f103-serial.config,file
stm32f103.config,file
stm32f103x6.h,file
stm32f103xb.h,file
stm32f103xe.h,file
stm32f103xg.h,file
stm32f105xc.h,file
stm32f107xc.h,file
stm32f1xx.h,file
stm32f2,dir
stm32f205xx.h,file
stm32f207xx.h,file
stm32f215xx.h,file
stm32f217xx.h,file
stm32f2xx.h,file
stm32f4,dir
stm32f4.c,file
stm32f401.config,file
stm32f401xc.h,file
stm32f401xe.h,file
stm32f405.config,file
stm32f405xx.h,file
stm32f407.config,file
stm32f407xx.h,file
stm32f410cx.h,file
stm32f410rx.h,file
stm32f410tx.h,file
stm32f411xe.h,file
stm32f412cx.h,file
stm32f412rx.h,file
stm32f412vx.h,file
stm32f412zx.h,file
stm32f413xx.h,file
stm32f415xx.h,file
stm32f417xx.h,file
stm32f423xx.h,file
stm32f427xx.h,file
stm32f429.config,file
stm32f429xx.h,file
stm32f437xx.h,file
stm32f439xx.h,file
stm32f446.config,file
stm32f446xx.h,file
stm32f469xx.h,file
stm32f479xx.h,file
stm32f4xx.h,file
stm32f7,dir
stm32f7.c,file
stm32f722xx.h,file
stm32f723xx.h,file
stm32f730xx.h,file
stm32f732xx.h,file
stm32f733xx.h,file
stm32f745xx.h,file
stm32f746xx.h,file
stm32f750xx.h,file
stm32f756xx.h,file
stm32f765.config,file
stm32f765xx.h,file
stm32f767xx.h,file
stm32f769xx.h,file
stm32f777xx.h,file
stm32f779xx.h,file
stm32f7xx.h,file
stm32g0,dir
stm32g0.c,file
stm32g030xx.h,file
stm32g031xx.h,file
stm32g041xx.h,file
stm32g050xx.h,file
stm32g051xx.h,file
stm32g061xx.h,file
stm32g070xx.h,file
stm32g071xx.h,file
stm32g081xx.h,file
stm32g0b0xx.h,file
stm32g0b1.config,file
stm32g0b1xx.h,file
stm32g0c1xx.h,file
stm32g0xx.h,file
stm32g4,dir
stm32g4.c,file
stm32g431.config,file
stm32g431xx.h,file
stm32g441xx.h,file
stm32g471xx.h,file
stm32g473xx.h,file
stm32g474.config,file
stm32g474xx.h,file
stm32g483xx.h,file
stm32g484xx.h,file
stm32g491xx.h,file
stm32g4a1xx.h,file
stm32g4xx.h,file
stm32gbk1cb.h,file
stm32h7,dir
stm32h7.c,file
stm32h723.config,file
stm32h723xx.h,file
stm32h725xx.h,file
stm32h730xx.h,file
stm32h730xxq.h,file
stm32h733xx.h,file
stm32h735xx.h,file
stm32h742xx.h,file
stm32h743.config,file
stm32h743xx.h,file
stm32h745xx.h,file
stm32h747xx.h,file
stm32h750xx.h,file
stm32h753xx.h,file
stm32h755xx.h,file
stm32h757xx.h,file
stm32h7_adc.c,file
stm32h7_spi.c,file
stm32h7a3xx.h,file
stm32h7a3xxq.h,file
stm32h7b0xx.h,file
stm32h7b0xxq.h,file
stm32h7b3xx.h,file
stm32h7b3xxq.h,file
stm32h7xx.h,file
stm32l4,dir
stm32l4.c,file
stm32l412.config,file
stm32l412xx.h,file
stm32l422xx.h,file
stm32l431xx.h,file
stm32l432xx.h,file
stm32l433xx.h,file
stm32l442xx.h,file
stm32l443xx.h,file
stm32l451xx.h,file
stm32l452xx.h,file
stm32l462xx.h,file
stm32l471xx.h,file
stm32l475xx.h,file
stm32l476xx.h,file
stm32l485xx.h,file
stm32l486xx.h,file
stm32l496xx.h,file
stm32l4a6xx.h,file
stm32l4p5xx.h,file
stm32l4q5xx.h,file
stm32l4r5xx.h,file
stm32l4r7xx.h,file
stm32l4r9xx.h,file
stm32l4s5xx.h,file
stm32l4s7xx.h,file
stm32l4s9xx.h,file
stm32l4xx.h,file
structs,dir
supc.h,file
sx1509.py,file
syscfg.h,file
sysctrl.h,file
sysinfo.h,file
system_LPC17xx.c,file
system_LPC17xx.h,file
system_RP2040.h,file
system_RP2350.h,file
system_hc32f460.c,file
system_hc32f460.h,file
system_sam3xa.c,file
system_sam3xa.h,file
system_sam4e.c,file
system_sam4e.h,file
system_sam4s.c,file
system_sam4s.h,file
system_samc21.h,file
system_samd21.h,file
system_samd51.h,file
system_same51.h,file
system_same54.h,file
system_same70.h,file
system_same70j19b.c,file
system_same70j20b.c,file
system_same70j21b.c,file
system_same70n19b.c,file
system_same70n20b.c,file
system_same70n21b.c,file
system_same70q19b.c,file
system_same70q20b.c,file
system_same70q21b.c,file
system_stm32f0xx.c,file
system_stm32f0xx.h,file
system_stm32f1xx.c,file
system_stm32f1xx.h,file
system_stm32f2xx.c,file
system_stm32f2xx.h,file
system_stm32f4xx.c,file
system_stm32f4xx.h,file
system_stm32f7xx.c,file
system_stm32f7xx.h,file
system_stm32g0xx.h,file
system_stm32g4xx.c,file
system_stm32g4xx.h,file
system_stm32h7xx.c,file
system_stm32h7xx.h,file
system_stm32l4xx.c,file
system_stm32l4xx.h,file
systick.h,file
tbman.h,file
tc.h,file
tc0.h,file
tc1.h,file
tc2.h,file
tc3.h,file
tc4.h,file
tc5.h,file
tc6.h,file
tc7.h,file
tcc.h,file
tcc0.h,file
tcc1.h,file
tcc2.h,file
tcc3.h,file
tcc4.h,file
temperature.cfg,file
temperature.test,file
temperature_combined.py,file
temperature_fan.py,file
temperature_host.py,file
temperature_mcu.py,file
temperature_probe.py,file
temperature_sensor.py,file
temperature_sensors.cfg,file
template.h,file
test,dir
test_klippy.py,file
thermistor.py,file
thermocouple.c,file
ticks.h,file
timer.c,file
timer.h,file
timer_irq.c,file
timer_irq.h,file
tmc.cfg,file
tmc.py,file
tmc.test,file
tmc2130.py,file
tmc2208.py,file
tmc2209.py,file
tmc2240.py,file
tmc2660.py,file
tmc5160.py,file
tmc_uart.py,file
tmcuart.c,file
tmds_encode.h,file
toolhead.py,file
trapezoid.svg,file
trapezoid.svg.png,file
trapezoids.svg,file
trapezoids.svg.png,file
trapq.c,file
trapq.h,file
trdispatch.c,file
trng.h,file
trsync.c,file
trsync.h,file
tsens.h,file
tsl1401cl_filament_width_sensor.py,file
tune_pa.jpg,file
tuning_tower.jpg,file
tuning_tower.py,file
twi.h,file
twi0.h,file
twi1.h,file
twihs.h,file
twihs0.h,file
twihs1.h,file
twihs2.h,file
uart.h,file
uart0.h,file
uart1.h,file
uart2.h,file
uart3.h,file
uart4.h,file
uc1701.py,file
udp.h,file
uf2.h,file
uotghs.h,file
update_chitu.py,file
update_mks_robin.py,file
usart.h,file
usart0.h,file
usart1.h,file
usart2.h,file
usart3.h,file
usb.h,file
usb_canbus.c,file
usb_cdc.c,file
usb_cdc.h,file
usb_cdc_ep.h,file
usb_device_dpram.h,file
usb_dpram.h,file
usbfs.c,file
usbhs.h,file
usbotg.c,file
usbserial.c,file
usbstd.h,file
usbstd_cdc.h,file
util.c,file
util.h,file
util.py,file
utmi.h,file
verify_heater.py,file
virtual_sdcard.py,file
vreg_and_chip_reset.h,file
wait_ssi_ready.S,file
watchdog.c,file
watchdog.h,file
wdt.h,file
webhooks.py,file
whconsole.py,file
winch.py,file
workflows,dir
xdmac.h,file
xip.h,file
xip_aux.h,file
xip_ctrl.h,file
xosc.h,file
z_thermal_adjust.py,file
z_tilt.cfg,file
z_tilt.py,file
z_tilt.test,file
z_virtual_endstop.cfg,file
z_virtual_endstop.test,file
zigzag.svg,file
zigzag.svg.png,file
