name,type
CN-Blockchain-dark-forest-selfguard-handbook-V1.1.pdf,file
CN-Blockchain-dark-forest-selfguard-handbook-V1.2.pdf,file
README.md,file
README_AR.md,file
README_CN.md,file
README_ID.md,file
README_JP.md,file
README_KR.md,file
cloudflare_worker.png,file
compound_timelock.png,file
metamask_sign.jpg,file
myetherwallet_https_hijack.png,file
opensea_3rd.png,file
res,dir
solana_nft_phishing.jpg,file
sushiswap_3rd.png,file
this.png,file
trezor_phishing.jpg,file
usdt_isblacklisted.png,file
web3_hacking_map.jpg,file
